 1.332636 0.002103 0.733222 0.023387 0.017731 0.005842 0.534296 0.422952 0.857916 0.118203 0.108995 0.017974 0.040981 0.074067 0.012659 0.612552 0.367280 1.442887 3.371799 1.447029 8.670921 3.001046 7.687448 2.855272
 0.380753 0.002269 0.573305 0.021680 0.013477 0.005408 0.518832 0.468572 0.852661 0.032282 0.099273 0.029496 0.009779 0.062449 0.091989 0.155649 0.135314 0.835356 1.421172 3.058494 8.591004 5.907322 3.317741 7.655439
 3.089958 0.002362 0.746276 0.020997 0.013285 0.006497 0.470892 0.469346 0.825071 0.057115 0.011258 0.056227 0.065662 0.023721 0.054012 0.687866 1.449791 1.608577 5.099498 2.598075 3.756067 0.221130 0.890126 8.731339
 3.353556 0.002161 0.618996 0.018642 0.013779 0.006835 0.445376 0.527337 0.740987 0.001987 0.053218 0.010139 0.011642 0.104082 0.054856 0.316318 0.057992 0.345188 2.340753 0.986611 7.432218 3.222176 0.485523 0.413808
 2.445607 0.002467 0.542845 0.022807 0.017539 0.006681 0.538936 0.496408 0.746243 0.086914 0.037867 0.089871 0.078236 0.049862 0.098740 0.331381 1.385356 1.111506 3.538996 5.327699 7.592050 6.507531 7.040084 9.145146
 0.000000 0.002590 0.604854 0.022636 0.016990 0.005321 0.417540 0.479397 0.823757 0.033276 0.072664 0.100472 0.044241 0.031951 0.051902 1.159833 0.399498 1.567155 3.817657 1.381255 8.471130 0.410669 7.161464 1.034519
 0.951883 0.002513 0.587448 0.023114 0.015645 0.005109 0.439190 0.465479 0.864485 0.001490 0.096203 0.078349 0.023750 0.074551 0.035023 0.100418 0.109540 0.642050 5.071632 5.459247 2.037866 1.137238 8.941715 2.317322
 0.131799 0.002277 0.664686 0.020554 0.014959 0.005061 0.544348 0.450015 0.737046 0.105290 0.052707 0.073741 0.019093 0.079877 0.060341 1.144770 0.000000 1.587866 2.396485 7.004937 4.315481 2.179707 4.450628 0.000000
 0.864017 0.002289 0.600502 0.016900 0.018061 0.006112 0.471665 0.394343 0.675297 0.079464 0.041961 0.068210 0.105246 0.058576 0.100428 0.562343 0.786109 0.821548 5.768285 5.261925 7.632008 3.380126 9.144017 2.358703
 1.640167 0.002764 0.543933 0.022056 0.016880 0.006449 0.459294 0.417540 0.673983 0.093371 0.027633 0.071897 0.106643 0.017912 0.009283 0.989121 1.159833 1.304812 6.381339 6.478745 4.155649 2.653556 3.641423 1.572469
 0.336820 0.002358 0.561339 0.017276 0.015837 0.006382 0.475531 0.419086 0.901272 0.074995 0.015351 0.100011 0.015368 0.016459 0.081440 0.170711 0.747448 1.201255 0.863849 3.124268 6.992678 1.990167 8.658494 7.034728
 2.884937 0.002567 0.599414 0.022500 0.019104 0.005186 0.453108 0.528884 0.830326 0.003477 0.102343 0.018896 0.043309 0.021300 0.089035 0.070293 0.173975 0.462552 4.792971 5.590795 9.430126 5.275523 8.011130 0.537950
 2.196653 0.002215 0.764770 0.023456 0.016825 0.006295 0.476305 0.516512 0.664787 0.076485 0.117183 0.011522 0.101055 0.045505 0.008017 0.587448 1.507782 0.566109 1.003180 1.710126 1.678243 2.369247 2.184854 6.041590
 0.117155 0.002737 0.528703 0.019529 0.018253 0.004637 0.470119 0.385064 0.903900 0.062082 0.082386 0.065906 0.042844 0.012103 0.023208 0.582427 0.927866 0.441841 1.755565 6.051213 6.273431 4.485774 5.988117 4.262218
 2.225941 0.002092 0.635314 0.018027 0.018747 0.006893 0.378879 0.397436 0.938059 0.068538 0.068058 0.043783 0.013039 0.100209 0.033757 0.235983 0.212636 1.318619 5.517490 4.834393 9.070502 3.316946 8.415732 4.634644
 2.987448 0.002563 0.692971 0.023900 0.013532 0.006816 0.460067 0.428365 0.809305 0.031786 0.072152 0.022583 0.085221 0.013555 0.053168 0.677824 1.462678 0.483264 6.520669 2.959833 0.919038 5.338703 7.889749 6.910586
 1.069038 0.002470 0.677741 0.019837 0.014190 0.005688 0.420633 0.498728 0.915724 0.003973 0.007164 0.024887 0.033064 0.042117 0.029960 0.788285 0.850544 0.545397 1.671967 1.151046 1.438494 2.685146 6.069038 2.731130
 2.694561 0.002505 0.685356 0.021373 0.018610 0.006305 0.480944 0.392797 0.872368 0.025329 0.015863 0.044705 0.047966 0.000000 0.087769 0.215900 0.637908 1.021757 5.824017 1.874561 9.030544 2.116527 4.288787 5.669163
 0.527197 0.002699 0.641841 0.018573 0.017923 0.005418 0.539709 0.502594 0.730477 0.015893 0.007676 0.033183 0.088481 0.024205 0.037555 0.030126 1.262929 0.752510 2.257155 4.571297 4.435356 7.360460 6.837782 8.358912
 3.368201 0.002625 0.754979 0.020588 0.013642 0.004907 0.511873 0.436097 0.788285 0.016886 0.006141 0.079271 0.075442 0.037276 0.088613 1.014226 0.753891 1.001046 0.222929 0.920837 2.797071 5.749372 9.103556 8.400293
 1.376569 0.002246 0.602678 0.022090 0.014300 0.006652 0.467799 0.519605 0.634569 0.102310 0.103878 0.087567 0.049829 0.045990 0.004220 0.386611 1.359582 0.303766 5.879749 1.578577 1.158787 2.748326 8.779874 7.117490
 0.893305 0.001976 0.731046 0.019222 0.019021 0.006690 0.493315 0.449242 0.784343 0.022349 0.056800 0.104159 0.105712 0.102629 0.035445 0.999163 0.012887 0.386611 4.319247 6.577406 5.074686 7.139331 3.034519 4.510502
 3.294979 0.001867 0.651632 0.018608 0.015535 0.005726 0.489449 0.466253 0.871054 0.081451 0.005629 0.092176 0.000931 0.068742 0.075954 0.210879 0.289958 0.269247 1.978494 7.695565 6.313389 3.064226 2.346695 9.476192
 2.899582 0.002637 0.757155 0.017754 0.019378 0.005813 0.429911 0.538162 0.744929 0.110257 0.079828 0.064062 0.060540 0.072131 0.065405 0.928870 1.424017 1.511925 4.653640 0.855063 5.394351 2.969456 7.363766 4.427741
 3.060669 0.002007 0.696234 0.019973 0.013751 0.006064 0.418313 0.511873 0.721280 0.070028 0.087503 0.079732 0.102918 0.095852 0.067515 0.376569 1.527113 1.180544 4.068452 7.070711 5.034728 0.284310 6.959163 8.938243
 3.500000 0.002130 0.686444 0.020485 0.017951 0.005042 0.453881 0.463933 0.758067 0.090887 0.019445 0.106002 0.037721 0.003873 0.028272 0.200837 1.250042 0.434937 5.712552 1.249707 1.558368 0.789749 7.404226 8.193389
 1.083682 0.002768 0.521088 0.021236 0.017072 0.005456 0.515739 0.540482 0.884192 0.079961 0.099785 0.025809 0.034927 0.102145 0.090301 0.416736 1.295146 0.062134 4.096318 6.018326 2.197699 6.096862 2.548996 2.938033
 3.104603 0.001863 0.709289 0.019393 0.017567 0.006256 0.526564 0.526564 0.934117 0.100821 0.092621 0.097245 0.017696 0.057608 0.081018 0.903766 1.030962 0.020711 4.012720 5.163264 7.192469 6.728661 4.531548 3.765649
 2.797071 0.002034 0.734310 0.022875 0.019131 0.006661 0.460840 0.413674 0.734418 0.040229 0.030703 0.027192 0.072648 0.107470 0.000844 0.326360 1.540000 0.006904 2.758745 3.913556 0.439540 6.602301 0.809205 4.013933
 0.366109 0.002196 0.646192 0.022534 0.015124 0.005938 0.553627 0.448469 0.748870 0.118700 0.114624 0.097706 0.020956 0.036792 0.019832 0.728033 0.541255 0.393515 2.786611 4.209540 4.395397 7.170921 2.994059 1.862134
 1.786611 0.002405 0.701674 0.018266 0.014108 0.005244 0.521151 0.520378 0.629314 0.075491 0.023027 0.023966 0.036790 0.030014 0.068781 0.622594 1.179163 1.574059 0.640921 4.637071 6.193515 5.433473 4.410167 0.206904
 0.541841 0.002753 0.563515 0.017549 0.015151 0.004704 0.423726 0.458521 0.687121 0.109264 0.056289 0.036870 0.035392 0.060513 0.078486 0.532218 0.180418 0.448745 1.086778 6.643180 3.915900 7.012971 4.814770 6.538159
 2.635983 0.002262 0.637490 0.020827 0.013202 0.006228 0.391250 0.535069 0.656904 0.073008 0.089038 0.038714 0.074045 0.025657 0.086081 0.652720 0.322176 0.738703 3.901255 1.052385 7.951674 6.317992 0.647364 7.407155
 3.002092 0.002327 0.568954 0.018505 0.014355 0.005466 0.461613 0.482490 0.713397 0.116217 0.048613 0.003226 0.010245 0.083265 0.063295 0.577406 1.501339 1.622385 3.121004 1.808787 7.352301 0.537029 2.751297 5.917448
 1.654812 0.002733 0.725607 0.019666 0.016441 0.005495 0.473985 0.505687 0.680552 0.062578 0.042984 0.090793 0.075908 0.015975 0.013925 0.833473 0.457490 0.697280 4.960167 7.432469 9.470084 5.970502 6.635481 4.055314
 3.016736 0.002312 0.732134 0.017617 0.019351 0.005235 0.511100 0.476305 0.878937 0.026323 0.012281 0.045627 0.068922 0.114732 0.077220 1.149791 0.695900 0.800837 2.842343 2.926946 5.793933 6.191632 8.253891 0.951757
 2.504184 0.002664 0.554812 0.016525 0.016606 0.005032 0.538162 0.369600 0.818502 0.040726 0.043496 0.008757 0.040049 0.105534 0.085237 0.466946 0.154644 1.650000 2.563682 2.334979 3.995816 6.949791 2.629916 1.075900
 1.361925 0.002018 0.541757 0.016969 0.013724 0.006748 0.492542 0.512646 0.767264 0.027813 0.031215 0.107385 0.071251 0.034855 0.044306 1.054393 0.863431 0.579916 0.139331 1.118159 0.159833 2.558787 2.670377 6.165732
 2.094142 0.002142 0.681004 0.019290 0.017978 0.004772 0.404395 0.536616 0.742301 0.012913 0.054242 0.032262 0.054486 0.094884 0.046416 0.085356 0.231967 1.629289 2.480084 7.564017 6.912762 6.002092 0.040460 2.772510
 3.412134 0.002293 0.590711 0.017344 0.014547 0.005977 0.496408 0.435324 0.911782 0.072511 0.012793 0.074662 0.084290 0.008714 0.078908 0.707950 0.972971 1.007950 6.158410 5.722343 0.079916 3.032636 7.808828 2.110418
 3.046025 0.002014 0.728870 0.022739 0.016359 0.006276 0.431458 0.398209 0.928862 0.014403 0.044519 0.095402 0.111300 0.053735 0.073000 0.938912 0.238410 1.594770 2.062092 3.157155 5.913808 6.665481 9.305858 2.275941
 0.834728 0.002084 0.675565 0.024104 0.019543 0.005553 0.409808 0.402849 0.863172 0.063075 0.113089 0.088950 0.088947 0.026626 0.065827 0.441841 0.206192 0.193305 1.226109 5.886778 5.674059 0.663389 5.785816 4.882929
 1.010460 0.002687 0.756067 0.018437 0.016084 0.004782 0.394343 0.432231 0.651649 0.059598 0.101320 0.057610 0.048897 0.055672 0.041775 0.421757 1.005188 1.256485 1.894895 0.295983 6.393305 1.769038 0.768745 5.048452
 2.606695 0.001987 0.636402 0.022978 0.018472 0.005350 0.393570 0.525018 0.935431 0.089397 0.013305 0.054384 0.077770 0.081813 0.010549 0.908787 1.127615 0.207113 3.455397 0.789289 6.353347 0.126360 0.445063 0.082762
 0.263598 0.002169 0.657071 0.021749 0.015700 0.006025 0.449242 0.387384 0.772519 0.017383 0.097226 0.028574 0.091275 0.112311 0.097896 0.000000 0.618577 0.469456 4.570042 5.426360 6.113598 1.074059 6.716402 7.820962
 2.006276 0.002285 0.634226 0.022841 0.014685 0.005572 0.456974 0.473212 0.939372 0.103304 0.028656 0.005991 0.065197 0.087622 0.076376 0.195816 1.204937 0.614435 3.093138 4.933054 2.557322 1.042469 4.733849 4.469121
 2.650628 0.002370 0.737573 0.023422 0.017676 0.004878 0.405941 0.444603 0.786971 0.044699 0.090062 0.026731 0.046103 0.036308 0.030804 0.953975 1.533556 0.883682 4.820837 0.230209 4.635146 7.297280 4.652929 4.841548
 2.416318 0.002494 0.539582 0.018539 0.014849 0.004849 0.468572 0.460840 0.696318 0.009436 0.121788 0.092637 0.024216 0.025173 0.057809 0.753138 0.889205 1.166736 0.306527 0.822176 3.955858 6.697071 8.172971 9.021004
 0.644351 0.002095 0.722343 0.019256 0.017841 0.005601 0.530430 0.501048 0.848720 0.000993 0.013816 0.098167 0.089413 0.093915 0.086503 0.617573 1.314477 0.635146 0.919582 0.394644 3.356485 2.906276 2.225314 2.069038
 3.382845 0.001979 0.691883 0.018983 0.014986 0.004724 0.390477 0.487903 0.859230 0.107774 0.038379 0.036409 0.024682 0.017428 0.074688 0.858577 0.779665 0.110460 6.548536 5.064603 6.153556 4.454184 5.866736 9.434812
 0.439331 0.002702 0.759331 0.020417 0.018363 0.005774 0.537389 0.514192 0.920979 0.043209 0.028144 0.021661 0.102452 0.046474 0.011815 0.175732 0.354393 0.759414 4.542176 6.347197 1.758159 1.895397 1.173347 5.131213
 1.566946 0.002037 0.719079 0.020724 0.016331 0.006363 0.433004 0.533523 0.805364 0.034269 0.037355 0.105541 0.041912 0.038728 0.087347 0.692887 0.798996 1.028661 0.501590 7.202259 7.751883 5.243933 8.698954 6.331255
 1.537657 0.002045 0.645105 0.022705 0.019460 0.005080 0.486356 0.497182 0.768577 0.005463 0.106437 0.084341 0.005123 0.012587 0.095364 0.803347 1.211381 0.117364 3.204603 6.281423 2.237657 4.959623 4.895690 6.496778
 0.512552 0.001925 0.750628 0.020281 0.018966 0.004762 0.463933 0.484037 0.739674 0.043705 0.121277 0.051618 0.028873 0.097304 0.010971 1.179916 0.470377 0.669665 2.173556 1.841674 2.317573 1.705858 9.670000 1.531088
 1.025105 0.001945 0.729958 0.020246 0.014520 0.006372 0.413674 0.521925 0.930176 0.080954 0.055777 0.088489 0.057280 0.109891 0.070046 0.868619 1.192050 1.560251 1.727699 5.557908 1.957950 3.538075 1.092427 0.703473
 0.922594 0.002397 0.687531 0.017925 0.016633 0.005890 0.426818 0.522698 0.735732 0.085424 0.058847 0.047010 0.037255 0.108438 0.084393 1.194979 0.148201 1.643096 5.656820 1.414142 2.157741 4.864854 1.861172 3.517364
 0.146444 0.002718 0.666862 0.021100 0.018170 0.005100 0.400529 0.379652 0.851347 0.090391 0.093132 0.099089 0.083359 0.041149 0.099162 1.034310 0.496151 0.655858 5.545356 5.196151 4.834937 7.392050 1.658870 5.296736
 1.303347 0.002575 0.583096 0.018334 0.014136 0.006440 0.495635 0.542028 0.642452 0.064068 0.025074 0.001383 0.038652 0.099725 0.028694 0.823431 0.244854 0.055230 0.445858 0.427531 1.478452 5.401883 4.329247 4.965690
 2.255230 0.002490 0.556987 0.023729 0.017237 0.004974 0.384291 0.436870 0.695004 0.042712 0.053730 0.039175 0.032598 0.054219 0.096208 0.783264 0.328619 0.379707 1.449038 4.045105 8.271339 0.852929 8.132510 3.682887
 1.405858 0.002188 0.642929 0.023934 0.014163 0.004714 0.501048 0.508007 0.771205 0.007946 0.011769 0.103698 0.063800 0.034371 0.030382 0.542259 1.166276 1.263389 5.322427 2.038996 4.954812 0.000000 8.577573 5.958828
 1.742678 0.001914 0.529791 0.024309 0.013394 0.005697 0.458521 0.492542 0.672669 0.095357 0.049636 0.030879 0.084756 0.084718 0.059919 1.129707 0.644351 0.331381 0.473724 6.873389 8.830753 5.938912 3.600962 1.406946
 2.665272 0.002068 0.647280 0.017652 0.016798 0.006507 0.416767 0.460067 0.718653 0.024336 0.010746 0.017053 0.107574 0.014523 0.043041 0.110460 1.134059 0.676569 4.458577 0.953724 1.878033 6.254812 4.167406 6.000209
 0.205021 0.001871 0.628787 0.021919 0.013889 0.005717 0.433777 0.420633 0.697632 0.044202 0.102855 0.007374 0.103383 0.070679 0.006751 0.426778 1.404686 0.248536 3.232469 5.656569 2.677197 1.611088 6.999623 1.944895
 0.658996 0.002389 0.595063 0.024036 0.015233 0.005302 0.424499 0.543575 0.633255 0.077478 0.070617 0.070975 0.068456 0.005809 0.056122 0.913808 0.856987 0.027615 6.576402 5.393473 3.396444 0.821339 4.693389 1.820753
 2.870293 0.002273 0.534142 0.021510 0.018555 0.006006 0.399756 0.399756 0.658218 0.037746 0.118718 0.081576 0.091741 0.004357 0.036289 0.657741 1.095397 1.470502 6.409205 1.545690 1.997908 3.948745 5.502594 5.338117
 0.058577 0.001933 0.749540 0.023968 0.017704 0.006401 0.512646 0.410581 0.793540 0.011920 0.009723 0.083880 0.047035 0.088106 0.025318 0.246025 0.521925 0.559205 3.678326 4.538410 2.357531 1.832218 9.224937 3.475983
 1.625523 0.002772 0.596151 0.024412 0.019268 0.006642 0.535069 0.405168 0.893389 0.023839 0.086480 0.033644 0.096398 0.043569 0.067937 0.798326 0.103096 0.876778 0.083598 1.973222 3.636192 1.421548 2.468075 6.827824
 0.981172 0.002521 0.716904 0.018949 0.015865 0.006604 0.419859 0.485583 0.643766 0.028806 0.035308 0.052540 0.101986 0.006293 0.045572 1.189958 1.333808 1.173640 5.489623 1.315481 0.359623 2.811506 8.537113 2.400084
 1.230126 0.002656 0.769121 0.023558 0.015508 0.006459 0.451562 0.439190 0.750184 0.106284 0.094156 0.047471 0.106177 0.018396 0.066671 0.476987 0.992301 0.200209 2.814477 2.170544 8.630962 5.591423 5.381213 4.344979
 2.211297 0.002443 0.639665 0.022158 0.013669 0.005582 0.457747 0.515739 0.637197 0.019866 0.019957 0.069593 0.104315 0.109407 0.012237 0.025105 1.243598 0.890586 5.406025 7.268033 7.711925 5.022803 6.433180 3.848410
 1.391213 0.002760 0.654895 0.024173 0.016469 0.005264 0.533523 0.374239 0.888134 0.083438 0.081363 0.088028 0.045638 0.031467 0.086925 0.431799 0.960084 0.904393 1.504770 0.756402 6.952720 1.547908 5.583515 1.324184
 0.395397 0.002107 0.751715 0.021817 0.016029 0.006199 0.406715 0.487130 0.628000 0.037249 0.068570 0.050697 0.029338 0.090527 0.011393 1.094561 0.715230 0.096653 1.616234 6.314310 3.036820 1.358368 1.497029 3.724268
 1.845188 0.002223 0.658159 0.021168 0.016222 0.005437 0.494089 0.406715 0.652962 0.034766 0.108484 0.015209 0.015833 0.052767 0.085659 1.114644 0.463933 1.518828 3.343933 5.229038 9.550000 5.496653 1.456569 1.158661
 0.776151 0.002157 0.644017 0.024207 0.017759 0.006767 0.375786 0.545121 0.710770 0.061585 0.034797 0.046088 0.055883 0.080361 0.075110 0.517155 1.366025 0.276151 0.529456 3.584686 9.150418 4.706904 1.132887 3.310460
 0.410042 0.002296 0.745188 0.020690 0.015206 0.006430 0.503367 0.411354 0.647707 0.074498 0.088527 0.027653 0.040515 0.039696 0.010127 0.341423 0.309289 1.056276 4.876569 0.328870 2.956904 5.844142 4.976611 8.110628
 0.702929 0.002366 0.580921 0.017242 0.015481 0.006160 0.450788 0.491769 0.853975 0.012416 0.008187 0.019357 0.027941 0.022753 0.018567 1.119665 0.186862 0.407322 6.242008 2.400753 8.431172 2.400837 1.416109 7.614059
 2.284519 0.001956 0.777824 0.021407 0.014630 0.005476 0.446922 0.439963 0.773833 0.047679 0.120253 0.049314 0.021422 0.037760 0.080596 0.225941 1.469121 1.132218 0.278661 6.807615 0.519456 3.601255 3.560502 5.586402
 2.050209 0.002525 0.559163 0.023865 0.015398 0.005861 0.436097 0.548214 0.896017 0.017879 0.091597 0.082497 0.074510 0.023237 0.045994 0.230962 0.418828 0.317573 1.922762 1.512803 7.392259 7.202510 9.548619 9.227908
 3.456067 0.002683 0.703849 0.020793 0.013998 0.005312 0.502594 0.489449 0.807992 0.113733 0.051172 0.050236 0.012574 0.035823 0.081862 0.451883 0.741004 0.214017 2.591548 7.596904 8.990586 6.981381 3.155900 4.717406
 2.972803 0.002180 0.520000 0.021441 0.018335 0.006179 0.398209 0.552854 0.892075 0.038242 0.066523 0.084802 0.058211 0.028078 0.020254 1.079498 0.773222 1.097699 1.867029 4.900167 8.391213 2.464017 4.046025 7.986485
 1.874477 0.002583 0.538494 0.016935 0.018198 0.005485 0.385064 0.497955 0.762008 0.000000 0.062941 0.035488 0.089878 0.082781 0.061607 0.632636 0.528368 1.380753 1.699833 1.611464 9.350209 0.473849 8.213431 9.269289
 3.485356 0.002204 0.611381 0.020895 0.015343 0.004897 0.401302 0.408261 0.850033 0.115720 0.047078 0.017513 0.010711 0.057124 0.039243 0.336402 0.592803 1.125314 4.347113 0.065774 7.791841 6.412762 9.629540 5.255356
 1.830544 0.002227 0.778912 0.016730 0.019598 0.006632 0.532750 0.483264 0.842151 0.020859 0.040937 0.076506 0.031667 0.020816 0.069624 1.019247 0.283515 1.463598 2.312887 3.387364 0.119874 3.569665 4.126946 4.096695
 2.108787 0.002749 0.591799 0.020212 0.019433 0.005639 0.542802 0.461613 0.914410 0.008940 0.059871 0.063140 0.069854 0.104566 0.078064 0.180753 1.230711 0.780126 2.647280 7.662678 6.073640 2.148117 7.282845 1.117280
 1.698745 0.001887 0.683180 0.019325 0.017347 0.004801 0.440736 0.372693 0.926234 0.056618 0.002047 0.053923 0.095001 0.076972 0.020676 0.572385 0.489707 0.000000 2.898075 6.248536 4.355439 6.791841 0.728285 2.565607
 1.903766 0.002010 0.620084 0.017720 0.018033 0.006083 0.412127 0.518059 0.691063 0.029303 0.096714 0.054845 0.001863 0.077456 0.038399 0.281172 0.663682 0.455649 0.000000 3.354477 0.679289 4.612134 4.248326 0.910377
 2.372385 0.001968 0.723431 0.023661 0.017649 0.005591 0.371146 0.521151 0.635883 0.088404 0.107972 0.041479 0.000466 0.099241 0.058231 0.406695 0.966527 0.938912 3.956987 2.006109 1.358577 1.579498 6.595021 7.779582
 3.397490 0.002517 0.584184 0.023592 0.017621 0.005852 0.507233 0.441510 0.889448 0.084928 0.001023 0.035949 0.033995 0.006777 0.048526 1.174895 1.301590 0.144979 6.297741 2.269205 8.111506 5.370293 8.375272 0.041381
 2.020921 0.002675 0.772385 0.017822 0.015782 0.005023 0.469346 0.383518 0.836895 0.057612 0.038890 0.004148 0.100589 0.027594 0.083971 0.482008 1.114728 0.172594 1.031046 2.894059 3.076778 3.127406 5.138452 2.896653
 3.470711 0.002072 0.673389 0.017993 0.019680 0.006594 0.525791 0.477851 0.729163 0.058108 0.077269 0.064523 0.054951 0.053251 0.013081 0.391632 0.882762 1.070084 5.210962 6.182762 6.673013 6.823431 3.681883 0.993138
 0.820084 0.002258 0.689707 0.016832 0.015947 0.005784 0.494862 0.373466 0.932803 0.024833 0.100808 0.078810 0.005588 0.085202 0.048104 0.768201 0.431715 1.449791 5.015900 0.164435 6.792887 4.011925 3.762803 9.724477
 1.127615 0.001860 0.640753 0.019939 0.018417 0.006334 0.500274 0.453108 0.918351 0.104297 0.097738 0.095863 0.039118 0.035339 0.034179 0.321339 1.475565 1.525732 0.417992 1.019498 2.876987 6.886611 4.572008 0.124142
 1.112971 0.002451 0.707113 0.020007 0.017155 0.006343 0.395890 0.553627 0.725222 0.023343 0.085968 0.018435 0.022353 0.043085 0.071734 0.627615 0.760335 0.690377 4.207782 6.544519 9.270293 1.326778 0.566444 9.062385
 1.552301 0.001972 0.638577 0.021714 0.016963 0.005370 0.466253 0.499501 0.660845 0.029799 0.033773 0.035027 0.083824 0.095368 0.097052 0.205858 1.011632 1.221967 0.808117 6.084100 8.710879 0.063180 4.369707 0.165523
 2.782427 0.002610 0.566778 0.019734 0.015096 0.004743 0.543575 0.380425 0.738360 0.099827 0.067546 0.072358 0.099192 0.064385 0.007173 0.964017 0.708787 0.241632 3.316067 2.433640 0.559414 1.295188 9.063096 9.807238
 0.029289 0.002065 0.562427 0.024002 0.015728 0.005900 0.548987 0.456974 0.677925 0.099331 0.086992 0.037792 0.053554 0.098272 0.094521 0.502092 1.346695 0.358996 0.167197 2.992720 0.759205 0.094770 3.884184 6.207113
 2.152720 0.002617 0.540669 0.018198 0.016771 0.005746 0.397436 0.385838 0.839523 0.081948 0.063964 0.071436 0.020025 0.041633 0.073422 0.351464 1.082510 0.365900 4.291381 1.479916 9.190377 5.117573 2.265774 0.455188
 1.244770 0.002003 0.617908 0.021134 0.015288 0.005331 0.517285 0.412127 0.874996 0.000497 0.069082 0.110150 0.086153 0.016944 0.002110 0.843515 0.573473 1.194351 6.437071 4.472636 3.796025 6.444351 7.485146 2.606987
 2.826360 0.002401 0.567866 0.019905 0.016743 0.006758 0.536616 0.548987 0.936745 0.076981 0.084433 0.085263 0.087084 0.061481 0.058653 0.863598 0.805439 0.966527 4.374979 7.399582 8.551046 1.737448 1.982552 0.289665
 3.251046 0.001902 0.771297 0.021783 0.015920 0.005533 0.541255 0.471665 0.769891 0.067545 0.095691 0.040096 0.016299 0.059060 0.049792 0.492050 0.270628 0.158787 3.845523 1.907448 5.594142 3.759205 8.456192 9.352050
 2.328452 0.002594 0.670126 0.017583 0.017402 0.004695 0.508007 0.550534 0.843464 0.114727 0.026609 0.011061 0.100123 0.077940 0.077642 0.050209 1.101841 1.242678 1.281841 3.979331 7.232427 5.180753 3.115439 7.738201
 0.351464 0.002022 0.744100 0.019086 0.014245 0.005736 0.450015 0.531203 0.645079 0.070525 0.058336 0.007835 0.048432 0.032435 0.100006 0.055230 0.277071 0.476360 5.127364 6.445858 5.554184 4.517364 3.924644 0.662092
 1.171548 0.002478 0.570042 0.022295 0.018582 0.004608 0.545895 0.398982 0.765950 0.065558 0.023539 0.063601 0.099658 0.111827 0.071312 0.446862 0.670126 0.856067 4.625774 2.828285 3.556276 0.189540 0.930586 6.372636
 1.918410 0.002192 0.758243 0.017891 0.018225 0.005678 0.402075 0.409034 0.821130 0.074001 0.022004 0.024427 0.108040 0.024689 0.048948 1.049372 0.386611 1.325523 3.065272 4.669958 8.071548 3.348536 3.358201 6.082971
 3.192469 0.002300 0.597238 0.020383 0.015810 0.006777 0.430685 0.451562 0.689749 0.083934 0.008699 0.106463 0.001397 0.096820 0.026162 0.697908 0.683013 0.573013 3.148870 3.288703 9.390167 2.211297 0.323682 2.524226
 2.123431 0.002729 0.565690 0.016457 0.014602 0.006054 0.516512 0.429911 0.679238 0.002980 0.045031 0.045166 0.095467 0.013071 0.036711 1.139749 0.045105 0.724895 0.613054 0.493305 4.515272 3.443305 6.554561 6.786444
 2.914226 0.002714 0.684268 0.020144 0.013861 0.004666 0.504914 0.426045 0.630628 0.060095 0.014328 0.016131 0.057746 0.020332 0.008861 1.154812 1.088954 1.346234 5.266695 5.919665 6.752929 0.157950 2.953598 6.662301
 1.039749 0.002540 0.550460 0.021612 0.018006 0.005013 0.403622 0.416767 0.751498 0.052149 0.027121 0.086184 0.092207 0.108923 0.022364 0.497071 1.520669 0.807741 0.947448 6.741841 2.637238 6.475941 7.646987 2.234561
 2.460251 0.002455 0.672301 0.016422 0.019406 0.005292 0.422179 0.389704 0.881565 0.049665 0.111554 0.075123 0.035858 0.086170 0.089457 0.733054 0.702343 1.042469 5.294561 4.867280 0.639331 3.190586 5.219372 0.579331
 1.508368 0.001941 0.699498 0.019051 0.017484 0.005447 0.464706 0.412900 0.639824 0.028309 0.010234 0.042401 0.108506 0.110859 0.003798 1.089540 0.560586 0.124268 1.532636 1.677238 2.117782 1.958577 2.872678 9.310669
 3.031381 0.002710 0.579833 0.021305 0.017127 0.005196 0.514192 0.517285 0.704201 0.069035 0.090574 0.070054 0.096864 0.032919 0.015191 0.060251 1.217824 1.636192 3.761925 3.617573 0.000000 5.654603 9.427238 9.641715
 3.119247 0.002668 0.589623 0.023797 0.014877 0.006353 0.382745 0.529657 0.882879 0.111747 0.080339 0.041018 0.012108 0.060028 0.072156 0.266109 0.038661 1.339331 6.325607 2.663849 4.115690 4.801674 6.473640 9.848619
 2.518828 0.002474 0.743013 0.018403 0.015453 0.004926 0.481717 0.528110 0.638510 0.087411 0.070105 0.030418 0.103849 0.007262 0.017301 0.065272 1.275816 0.255439 3.789791 7.498243 0.039958 3.285356 5.907197 3.807029
 1.976987 0.002030 0.674477 0.016593 0.016908 0.004830 0.497955 0.524244 0.910469 0.082444 0.066011 0.051158 0.028407 0.082297 0.054434 0.120502 1.391799 1.360042 5.851883 4.110879 8.750837 2.716736 8.618033 6.248494
 2.474895 0.001898 0.548285 0.024139 0.015590 0.006015 0.535843 0.475531 0.898644 0.051155 0.059359 0.047931 0.004657 0.050831 0.050214 0.994142 0.257741 0.717992 5.991213 5.130377 8.231381 0.884519 2.832218 5.751925
 2.079498 0.002231 0.717992 0.022670 0.013120 0.005138 0.443056 0.535843 0.840837 0.098337 0.112577 0.067749 0.110834 0.072615 0.032491 0.150628 0.412385 0.283054 5.350293 0.690628 4.994770 0.694979 1.820711 4.303598
 2.548117 0.002648 0.623347 0.024343 0.016414 0.005909 0.529657 0.495635 0.886820 0.046189 0.084945 0.029957 0.051692 0.094400 0.060763 1.200000 0.792552 1.139121 6.632134 0.526192 1.038912 5.717782 5.704895 1.365565
 1.801255 0.001952 0.564603 0.019495 0.013943 0.006420 0.520378 0.427592 0.723908 0.016390 0.071640 0.108767 0.074976 0.063901 0.034601 0.075314 1.018075 0.372803 1.783431 4.505523 2.717155 6.381172 8.739414 6.703682
 1.581590 0.002238 0.558075 0.020110 0.014767 0.006796 0.498728 0.391250 0.835582 0.025826 0.074710 0.055766 0.063334 0.000484 0.001688 1.169874 0.921423 0.945816 0.557322 3.683347 7.911715 7.550000 3.520042 5.462259
 2.357741 0.002536 0.706025 0.023490 0.016935 0.004627 0.375013 0.494862 0.685808 0.030792 0.055265 0.081115 0.072182 0.070195 0.059497 0.045188 0.096653 0.524686 1.811297 1.085272 1.838075 5.559833 4.086485 1.241423
 0.878661 0.002436 0.536318 0.017515 0.013257 0.005157 0.506460 0.490223 0.885506 0.060592 0.116671 0.107846 0.090344 0.062933 0.075532 0.898745 0.251297 0.814644 3.594728 7.136485 7.472176 2.495607 8.860795 7.531297
 2.387029 0.002211 0.588536 0.017378 0.014932 0.006093 0.522698 0.402075 0.646393 0.041222 0.041449 0.059453 0.013971 0.049378 0.027006 0.763180 0.902092 1.277197 5.628954 6.116987 0.239749 1.642678 1.051967 8.607197
 3.309623 0.002351 0.537406 0.018061 0.016386 0.006073 0.432231 0.437644 0.755439 0.078471 0.080851 0.028114 0.047500 0.064869 0.018145 0.130544 0.676569 0.421130 6.353473 3.782008 4.874895 0.916109 6.392720 8.441674
 0.585774 0.002254 0.708201 0.020861 0.017896 0.005668 0.523471 0.532750 0.763322 0.042215 0.091085 0.087106 0.055417 0.113279 0.037977 0.512134 0.625021 0.994142 4.514310 2.795397 0.839121 6.065272 9.589079 8.979623
 3.426778 0.002026 0.630962 0.023251 0.017292 0.006700 0.490996 0.445376 0.631941 0.085921 0.100296 0.004609 0.061005 0.048410 0.062451 0.723013 0.405941 0.959623 3.929121 6.412971 2.757113 7.044561 2.023013 7.324393
 1.493724 0.002432 0.720167 0.022022 0.018829 0.004647 0.472438 0.388157 0.701573 0.116713 0.020980 0.062679 0.064265 0.101177 0.069203 1.069456 0.554142 1.353138 4.179916 3.716234 3.476360 6.570711 7.606527 8.069247
 3.280335 0.001910 0.577657 0.019564 0.015014 0.006623 0.395116 0.549761 0.905213 0.013410 0.036332 0.021200 0.061471 0.081329 0.038821 0.040167 0.985858 1.435983 1.839163 5.689456 2.277615 3.411715 3.277280 4.800167
 3.177824 0.002420 0.624435 0.023695 0.014822 0.004733 0.441510 0.409808 0.688435 0.031289 0.064988 0.002304 0.076373 0.080845 0.064561 0.301255 0.895649 1.083891 3.009540 7.629791 1.917992 3.696025 5.259833 9.765858
 2.562762 0.002320 0.625523 0.018164 0.018911 0.006565 0.410581 0.462387 0.754126 0.113237 0.000000 0.076045 0.049363 0.054703 0.024896 1.044351 1.372469 0.731799 1.058912 2.466527 9.510042 0.252720 9.386778 1.986276
 0.483264 0.002324 0.575481 0.020315 0.014053 0.006150 0.552854 0.500274 0.919665 0.008443 0.095179 0.061297 0.094535 0.047926 0.014347 0.974059 1.308033 0.683473 4.709372 3.255816 7.552092 0.631799 4.855230 8.689958
 0.746862 0.002126 0.525439 0.021953 0.015618 0.005832 0.454654 0.424499 0.844778 0.027316 0.081874 0.073280 0.033530 0.009682 0.094942 0.748117 0.979414 0.497071 5.935481 0.263096 1.798117 1.516318 1.618410 1.903515
 0.161088 0.001856 0.695146 0.023353 0.015426 0.005427 0.491769 0.426818 0.790912 0.093867 0.001535 0.089410 0.006985 0.056640 0.062029 0.461925 0.998745 0.952720 3.984854 7.531130 1.118828 2.621967 2.427615 7.696820
 0.688285 0.002153 0.652720 0.018130 0.017210 0.004675 0.452335 0.534296 0.705515 0.078968 0.103367 0.098628 0.062403 0.005325 0.056965 1.029289 0.019331 0.048326 4.765105 3.551799 6.633054 5.812552 0.525983 4.676025
 2.035565 0.002219 0.714728 0.018744 0.014026 0.006189 0.527337 0.429138 0.902586 0.087908 0.004094 0.012444 0.002794 0.030982 0.023630 0.647699 0.373724 1.063180 4.988033 5.031715 8.511088 4.991213 6.230879 3.186318
 2.723849 0.002482 0.690795 0.019188 0.013971 0.005505 0.389704 0.470892 0.676611 0.105787 0.033262 0.080193 0.078702 0.105050 0.004642 0.010042 0.844100 0.324477 0.111464 4.965941 6.233473 6.539121 1.213808 8.483054
 0.717573 0.002532 0.555900 0.020758 0.015755 0.006873 0.455428 0.418313 0.819816 0.092874 0.061406 0.086645 0.109903 0.085686 0.037133 0.276151 1.063180 0.793933 0.195063 3.847782 8.351255 1.389958 2.387155 5.545021
 0.966527 0.002652 0.598326 0.019768 0.013340 0.005225 0.381972 0.422179 0.940686 0.092377 0.078292 0.104619 0.080564 0.051315 0.032069 0.773222 0.940753 1.456695 4.040586 2.367866 5.114644 7.518410 6.797322 9.890000
 1.098326 0.002641 0.697322 0.020178 0.015041 0.005967 0.444603 0.443056 0.804050 0.117707 0.085456 0.009218 0.042378 0.029530 0.049370 1.099582 0.161088 0.628243 5.461757 7.794226 4.075732 0.600209 1.699331 3.269079
 1.684100 0.002548 0.735397 0.022568 0.017786 0.005948 0.548214 0.446149 0.650335 0.019369 0.073687 0.043323 0.039584 0.011134 0.090723 0.828452 0.193305 1.076987 0.891715 6.708954 3.116736 2.084937 7.970669 0.248285
 0.995816 0.002331 0.682092 0.021339 0.017265 0.004868 0.551307 0.539709 0.663473 0.082941 0.105413 0.023044 0.020490 0.010650 0.005064 0.662762 0.728117 1.408368 2.117824 7.037824 3.236611 6.855021 5.340753 8.317531
 0.600418 0.002544 0.665774 0.021066 0.013916 0.005562 0.501821 0.506460 0.641138 0.107277 0.022515 0.052079 0.073579 0.092947 0.047260 0.888703 1.108285 1.035565 3.483264 6.380084 7.671967 4.201464 0.849665 8.772720
 2.621339 0.002528 0.663598 0.019154 0.016194 0.006806 0.388157 0.504914 0.890762 0.088901 0.110019 0.102776 0.082893 0.033887 0.062873 0.487029 0.032218 0.220921 5.740418 1.348368 2.996862 4.738494 5.664435 1.282803
 1.156904 0.002501 0.766946 0.018369 0.013696 0.006170 0.480171 0.467026 0.727849 0.039236 0.063453 0.058532 0.098261 0.019848 0.072578 0.396653 0.502594 0.911297 0.585188 7.235146 4.035774 6.160042 0.121381 6.124351
 1.317992 0.002250 0.761506 0.017788 0.017182 0.005514 0.518059 0.546668 0.810619 0.072015 0.025586 0.003687 0.030736 0.073099 0.029538 0.923849 1.282259 0.745607 6.214142 2.499414 2.916946 6.286402 2.791757 7.076109
 0.424686 0.001999 0.616820 0.023626 0.014492 0.006247 0.402849 0.477078 0.907841 0.108767 0.092109 0.068671 0.006054 0.079392 0.097474 0.035146 0.083766 0.704184 1.337573 2.137657 0.799163 0.568619 6.311799 5.503640
 2.430962 0.002122 0.770209 0.017686 0.019296 0.006285 0.405168 0.551307 0.662159 0.073505 0.094667 0.061758 0.077305 0.042601 0.026584 0.672803 0.425272 0.179498 4.737238 0.657741 1.278661 1.674268 9.265397 9.558954
 0.175732 0.002076 0.601590 0.020929 0.018115 0.006391 0.427592 0.470119 0.822444 0.063572 0.118206 0.032722 0.043775 0.011618 0.019410 1.009205 0.824770 0.338285 4.235649 5.755230 1.238703 5.149163 8.496653 8.648577
 1.464435 0.001879 0.530879 0.023831 0.016139 0.005148 0.426045 0.384291 0.712084 0.009933 0.009211 0.014287 0.052157 0.073583 0.040087 0.567364 0.657238 0.490167 4.486444 1.216820 3.156695 1.800628 8.820335 8.814100
 1.288703 0.002146 0.552636 0.024275 0.018308 0.004965 0.510326 0.514966 0.756753 0.091384 0.032238 0.039636 0.067525 0.000968 0.057387 0.883682 0.302845 0.234728 2.619414 0.098661 5.714017 4.928033 3.965105 8.152008
 2.855649 0.002242 0.549372 0.020349 0.017512 0.004618 0.528884 0.530430 0.779088 0.089894 0.077781 0.090332 0.081496 0.088590 0.064139 0.793305 1.488452 1.049372 1.950628 0.000000 4.914854 0.031590 5.057531 2.979414
 1.523013 0.002119 0.572218 0.016661 0.015371 0.006266 0.376559 0.538936 0.708142 0.096351 0.020469 0.099550 0.017231 0.068258 0.015613 0.020084 0.077322 0.849163 3.037406 3.190042 5.434310 4.422594 8.051590 9.103766
 3.221757 0.002177 0.740837 0.021544 0.018994 0.005871 0.477078 0.453881 0.667414 0.106780 0.112066 0.002765 0.108972 0.066322 0.082705 0.356485 1.076067 0.828452 2.452218 6.676067 8.870711 1.453138 5.300293 5.834686
 0.571130 0.002552 0.621172 0.017310 0.018445 0.005996 0.428365 0.518832 0.817188 0.110754 0.107460 0.053462 0.092672 0.069710 0.035867 0.311297 0.360837 0.766318 3.650460 6.149874 1.638285 6.033682 0.283222 0.620711
 3.324268 0.002679 0.753891 0.024480 0.016304 0.006102 0.488676 0.484810 0.731791 0.013906 0.076246 0.105080 0.071716 0.058092 0.041353 0.893724 0.567029 0.428033 3.622594 2.104770 7.991632 0.758159 5.826276 0.786234
 1.947699 0.002165 0.578745 0.022124 0.017868 0.006845 0.462387 0.455428 0.867113 0.050162 0.113601 0.026270 0.003260 0.066806 0.046838 0.090377 1.514226 0.593724 1.476904 0.460418 6.553138 6.128452 1.739791 5.793305
 0.190377 0.001875 0.736485 0.020519 0.018280 0.005929 0.525018 0.503367 0.792226 0.102807 0.075222 0.093558 0.109437 0.018880 0.006329 0.738075 1.185607 0.552301 3.873389 0.032887 1.518410 3.158996 7.121004 3.600126
 0.043933 0.002347 0.649456 0.018778 0.015261 0.005360 0.554400 0.452335 0.781715 0.022846 0.115136 0.000922 0.056349 0.044537 0.066249 0.948954 1.037406 1.477406 2.535816 1.775900 1.198745 3.917155 3.803264 5.379498
 0.292887 0.002061 0.609205 0.017139 0.019076 0.005129 0.514966 0.431458 0.671356 0.021853 0.026097 0.094019 0.041446 0.046958 0.045150 1.039331 1.043849 0.517782 5.907615 6.939163 5.873849 4.359414 1.335188 3.889791
 0.468619 0.002579 0.585272 0.020963 0.013834 0.006314 0.408261 0.438417 0.681866 0.114230 0.000512 0.066367 0.046569 0.059544 0.033335 0.165690 0.341506 0.897490 2.703013 3.486025 0.399582 1.484728 1.294728 4.179456
 1.713389 0.001983 0.582008 0.023148 0.014081 0.006864 0.473212 0.401302 0.906527 0.068041 0.060894 0.014748 0.081962 0.007746 0.007595 0.241004 0.380167 1.311715 6.102678 6.511632 0.998954 5.528243 6.190418 7.158870
 1.259414 0.002409 0.522176 0.018881 0.017018 0.005794 0.482490 0.493315 0.733105 0.046685 0.119741 0.085723 0.059143 0.014039 0.092411 1.164854 0.393054 1.498117 4.848703 5.294812 0.599372 5.212343 0.202301 6.869205
 0.629707 0.002354 0.629874 0.016764 0.019570 0.005398 0.483264 0.446922 0.806678 0.066551 0.098249 0.037331 0.038187 0.004841 0.099584 0.969038 0.225523 1.090795 0.390126 4.998828 5.514226 3.885565 6.675941 8.565816
 2.533473 0.002741 0.593975 0.016320 0.015563 0.006584 0.490223 0.525791 0.927548 0.066055 0.104902 0.016592 0.064731 0.071163 0.031226 0.933891 1.140502 0.227824 3.511130 2.302092 6.033682 4.675314 7.768368 5.710544
 2.240586 0.002440 0.653808 0.016559 0.019653 0.005090 0.443829 0.473985 0.780402 0.014900 0.064476 0.064984 0.070319 0.052283 0.016035 1.084519 1.256485 0.131172 3.260335 4.735732 3.835983 0.379079 7.727908 3.144937
 2.767782 0.002304 0.633138 0.024378 0.013504 0.005823 0.437644 0.392023 0.775146 0.006953 0.098761 0.108306 0.098726 0.051799 0.089879 0.712971 0.947197 0.503975 1.170377 5.623682 8.311297 3.727615 4.612469 6.993347
 2.592050 0.002606 0.669038 0.020622 0.018884 0.006469 0.383518 0.472438 0.760695 0.048672 0.036844 0.101393 0.018628 0.071647 0.022786 0.878661 0.122427 1.014854 5.433891 4.373975 2.517364 4.233054 3.236820 8.855481
 2.299163 0.002757 0.671213 0.022773 0.015892 0.006237 0.550534 0.486356 0.847406 0.020363 0.105925 0.000000 0.059608 0.107954 0.070890 1.124686 1.024519 1.228870 5.963347 7.465356 8.031590 1.926987 2.589456 7.572678
 0.307531 0.002080 0.626611 0.022397 0.016002 0.004888 0.545121 0.371146 0.789598 0.097344 0.079316 0.094941 0.026079 0.067290 0.088191 0.261088 0.335063 1.284100 6.492803 1.940335 2.837029 6.633891 8.092050 3.931172
 1.479079 0.002235 0.780000 0.022466 0.017319 0.006825 0.484810 0.403622 0.759381 0.015396 0.114113 0.080654 0.107109 0.106986 0.082283 0.597490 0.219079 0.918201 6.464937 0.723515 1.598326 4.391004 5.097992 0.827615
 2.269874 0.001906 0.776736 0.022363 0.016578 0.005620 0.438417 0.395116 0.692377 0.095854 0.075734 0.019818 0.066128 0.063417 0.079330 0.271130 1.237155 1.235774 0.668787 0.131548 5.314435 5.780962 7.444686 0.331046
 1.933054 0.002555 0.614644 0.022909 0.018500 0.006526 0.467026 0.456201 0.709456 0.007450 0.050148 0.006913 0.054020 0.101661 0.100850 0.251046 0.025774 1.249582 4.932301 2.565188 5.833891 5.465063 1.011506 3.393222
 2.577406 0.002722 0.678828 0.021988 0.016688 0.006546 0.374239 0.552080 0.714711 0.091881 0.031726 0.070514 0.067991 0.021785 0.000000 0.717992 1.224268 1.373849 0.362259 3.946444 5.993724 1.263598 1.577950 2.482845
 1.435146 0.001848 0.545021 0.022329 0.013422 0.006575 0.436870 0.396663 0.868427 0.032779 0.048101 0.038253 0.090810 0.001936 0.091145 0.642678 1.153389 0.787029 0.835983 7.827113 2.477406 5.054393 1.537490 3.434603
 0.219665 0.002308 0.524351 0.017481 0.018527 0.006324 0.379652 0.381198 0.826385 0.080458 0.039914 0.046549 0.070785 0.096336 0.021942 0.918828 0.599247 0.414226 0.780251 6.972050 2.597280 4.075105 3.479582 8.896862
 0.014644 0.002378 0.774561 0.016491 0.018719 0.004656 0.381198 0.433777 0.719967 0.010926 0.054754 0.029035 0.027476 0.033403 0.070468 1.134728 0.515481 0.165690 2.368619 4.702845 2.397490 2.527197 1.254268 7.489916
 2.343096 0.002602 0.523264 0.019120 0.016716 0.005389 0.407488 0.377332 0.702887 0.065062 0.042472 0.013365 0.008382 0.115216 0.040509 0.507113 0.167531 1.491213 3.566862 2.236318 3.196653 2.779916 0.080921 9.600335
 0.497908 0.001960 0.546109 0.021032 0.015316 0.005003 0.434551 0.378105 0.814561 0.075988 0.122300 0.077888 0.019559 0.075036 0.031647 0.838494 0.264184 1.615481 2.034226 7.300921 4.595188 6.349582 8.982176 5.089833
 0.790795 0.001852 0.679916 0.017071 0.016167 0.006517 0.377332 0.375013 0.796167 0.096847 0.101831 0.060836 0.014436 0.027110 0.093255 0.522176 0.953640 1.553347 3.706192 4.308201 5.234519 4.548954 6.109498 2.648368
 3.075314 0.002633 0.571130 0.022227 0.014465 0.006671 0.519605 0.423726 0.923607 0.067048 0.014840 0.031340 0.087550 0.065354 0.027850 0.095397 1.398243 1.187448 5.684686 7.366695 8.910669 2.843096 7.849289 1.448326
 3.133891 0.002382 0.650544 0.016696 0.014794 0.004984 0.369600 0.414447 0.922293 0.054632 0.016887 0.062219 0.085687 0.106502 0.001266 0.080335 0.347950 0.510879 6.186276 0.197322 7.512134 6.760251 1.942092 0.744854
 1.274059 0.001918 0.724519 0.016627 0.013367 0.005881 0.439963 0.430685 0.716025 0.071518 0.018933 0.075584 0.008848 0.087138 0.051058 0.411715 1.494895 0.648954 2.730879 4.439749 7.072594 7.265690 7.242385 3.641506
 1.669456 0.001937 0.592887 0.023524 0.019515 0.006738 0.409034 0.386611 0.815874 0.056122 0.089550 0.066827 0.051226 0.090043 0.067093 0.818410 1.269372 1.429079 1.588368 5.853891 6.872803 7.328870 6.028577 8.027866
 0.761506 0.002281 0.688619 0.021646 0.019213 0.006131 0.386611 0.464706 0.838209 0.104794 0.083921 0.034566 0.067059 0.112795 0.052324 1.059414 1.353138 0.296862 5.796151 6.610293 4.794979 4.896444 4.774310 2.813891
 1.815900 0.002629 0.613556 0.016388 0.015975 0.004810 0.531977 0.400529 0.668728 0.018376 0.047590 0.053001 0.023285 0.008230 0.009705 0.005021 0.090209 0.925105 4.152050 1.743013 5.274477 2.337657 8.334812 8.524435
 3.441423 0.002150 0.608117 0.023046 0.016057 0.006883 0.447695 0.457747 0.876310 0.051652 0.071128 0.048853 0.014902 0.030498 0.064983 1.109623 0.451046 1.580962 1.560502 4.768619 0.479498 4.138285 6.352259 1.779372
 0.556485 0.002343 0.713640 0.017208 0.018802 0.006411 0.546668 0.388931 0.717339 0.115223 0.061918 0.025348 0.058677 0.055187 0.073844 0.537238 1.050293 0.869874 2.089958 3.518912 4.715063 1.010879 0.687824 5.213975
 0.453975 0.002571 0.739749 0.022944 0.014437 0.004936 0.370373 0.554400 0.860544 0.038739 0.074199 0.077428 0.082427 0.078908 0.002532 1.074477 0.818326 1.297908 1.253975 2.532301 5.354393 2.590377 4.207866 7.903724
 2.489540 0.002559 0.527615 0.018095 0.017100 0.006787 0.435324 0.523471 0.856603 0.094861 0.018422 0.048392 0.029804 0.056156 0.094099 0.015063 0.141757 0.621339 2.424351 1.183933 3.676151 6.223222 3.196360 4.924310
 2.182008 0.002424 0.676653 0.017413 0.013614 0.006478 0.499501 0.370373 0.693690 0.002483 0.021492 0.009678 0.079167 0.111343 0.032913 0.366527 0.547699 0.932008 3.427531 4.341088 7.831799 1.863808 3.398661 6.620921
 0.907950 0.002200 0.768033 0.017447 0.017429 0.006488 0.456201 0.393570 0.802736 0.036256 0.017398 0.042862 0.022819 0.078424 0.018988 0.667782 0.869874 1.332427 0.975314 1.282594 3.596234 1.232008 9.508159 9.683096
 0.087866 0.002428 0.704937 0.016354 0.018088 0.006208 0.442283 0.480171 0.917038 0.094364 0.024051 0.096324 0.056814 0.106018 0.056544 0.291213 1.340251 0.538494 0.055732 3.749121 2.437448 7.107741 8.901255 0.868996
 0.937238 0.002088 0.553724 0.017959 0.016524 0.005341 0.415220 0.507233 0.654276 0.053142 0.104390 0.031801 0.009314 0.009198 0.098318 0.105439 0.811883 1.532636 1.309707 2.071883 4.275523 3.980335 0.971046 7.283013
 2.738494 0.002266 0.694059 0.022431 0.013559 0.004753 0.412900 0.481717 0.722594 0.071021 0.067035 0.094480 0.016765 0.114248 0.025740 0.808368 0.315732 1.422176 5.601088 3.222929 4.195607 0.726569 0.364142 4.386360
 1.449791 0.002706 0.603766 0.021885 0.013587 0.006555 0.505687 0.467799 0.831640 0.041719 0.017910 0.059914 0.027010 0.113764 0.068359 0.436820 0.914979 0.138075 3.734059 5.492134 8.950628 3.822385 7.323305 6.951967
 1.610879 0.002644 0.535230 0.021578 0.013312 0.005611 0.372693 0.405941 0.649021 0.004470 0.051683 0.022122 0.095932 0.048894 0.021098 0.602510 1.056736 0.711088 2.870209 2.762510 4.555230 4.580544 1.901632 4.138075
 1.991632 0.002041 0.727782 0.023285 0.018143 0.005051 0.509553 0.376559 0.798795 0.077974 0.093644 0.006452 0.007917 0.040664 0.063717 0.848536 1.288703 0.531590 6.074812 7.169372 7.272385 1.168828 6.878243 2.027657
 1.771967 0.001891 0.712552 0.019632 0.019186 0.006719 0.487130 0.478624 0.865799 0.050659 0.120765 0.013826 0.093138 0.019364 0.084815 0.758159 0.438159 1.415272 6.019079 4.801506 4.755021 2.306067 0.404603 3.062176
 1.347280 0.002184 0.531967 0.016866 0.016853 0.005379 0.508780 0.511100 0.829013 0.033772 0.002559 0.072819 0.011177 0.100693 0.016457 0.592469 0.509038 1.152929 3.288201 0.887950 7.032636 2.432427 4.936151 1.737992
 2.928870 0.002745 0.605941 0.024241 0.018939 0.006035 0.385838 0.421406 0.924921 0.053638 0.076757 0.040557 0.076839 0.022269 0.017723 0.637657 0.612134 1.159833 5.378159 7.728452 7.112552 5.307113 6.514100 4.220837
 2.167364 0.002335 0.662510 0.017174 0.018390 0.006902 0.378105 0.419859 0.684494 0.011423 0.117695 0.023505 0.069388 0.091495 0.024052 0.286192 0.534812 0.987238 5.573222 5.985439 0.879079 4.264644 9.022636 0.372427
 1.215481 0.002099 0.762594 0.017856 0.013230 0.004945 0.421406 0.425272 0.855289 0.004967 0.083410 0.020279 0.080099 0.093431 0.055278 0.778243 0.734561 0.034519 0.724519 5.821004 9.310251 4.106695 9.184477 5.876067
 1.186192 0.001929 0.648368 0.024070 0.014575 0.004820 0.524244 0.490996 0.706828 0.030296 0.060382 0.083419 0.004191 0.069226 0.079752 0.140586 0.721674 0.082845 2.981674 2.696736 5.194561 2.021757 3.843724 1.696611
 2.943515 0.002057 0.547197 0.019700 0.018664 0.005659 0.521925 0.513419 0.743615 0.101814 0.040426 0.109689 0.104780 0.029046 0.042619 0.220921 0.115983 1.208159 5.043766 4.242427 5.474268 0.979289 7.080544 3.227699
 1.142259 0.002598 0.726695 0.017105 0.019049 0.005987 0.547441 0.494089 0.726536 0.112244 0.116159 0.055305 0.086618 0.015491 0.003376 0.361506 1.146946 0.400418 0.752385 3.650460 5.634100 7.076151 7.930209 5.420879
 2.841004 0.002316 0.715816 0.021851 0.017457 0.004916 0.396663 0.378879 0.785657 0.058605 0.111042 0.010600 0.097795 0.084233 0.039665 0.401674 0.199749 0.586820 6.130544 3.025607 7.871757 0.505439 3.439121 0.496569
 2.811715 0.002049 0.763682 0.018232 0.014739 0.006912 0.419086 0.415220 0.670042 0.049169 0.115648 0.091715 0.021887 0.002905 0.052746 0.471967 0.631464 0.662762 2.675146 4.176653 9.230335 1.105649 2.306234 2.689749
 0.102510 0.002385 0.747364 0.023080 0.019323 0.004994 0.429138 0.440736 0.698946 0.084431 0.078804 0.015670 0.026544 0.038244 0.059075 0.135565 1.436904 0.103556 5.238828 3.321590 6.832845 3.095816 1.375649 7.365774
 0.248954 0.002208 0.659247 0.019427 0.014410 0.004859 0.373466 0.537389 0.832954 0.035262 0.005117 0.060375 0.018162 0.039212 0.074266 0.160669 1.172720 0.151883 1.114644 0.624854 6.513180 7.423640 5.421674 8.234770
 0.278243 0.002447 0.627699 0.022192 0.019158 0.004685 0.415993 0.541255 0.752812 0.059102 0.016375 0.012905 0.044706 0.110375 0.051480 0.346444 0.934310 0.862971 5.155230 7.761339 5.953766 7.455230 7.566067 6.414017
 1.859833 0.001949 0.721255 0.020042 0.015069 0.004955 0.446149 0.463160 0.800109 0.021356 0.032750 0.103237 0.093604 0.003389 0.083127 0.256067 1.411130 0.041423 4.402845 4.275314 5.154603 4.770084 5.178912 4.551883
 0.073222 0.001995 0.615732 0.018710 0.013806 0.005765 0.392023 0.390477 0.764636 0.005960 0.050660 0.058071 0.034461 0.092463 0.095786 0.296234 0.444603 0.262343 0.696653 2.729623 6.593096 3.632845 0.242762 1.489707
 3.148536 0.002111 0.738661 0.019359 0.015673 0.006854 0.528110 0.382745 0.783029 0.112740 0.004605 0.067288 0.025613 0.091011 0.024474 0.958996 1.443347 1.104603 2.953808 7.333808 6.473222 4.296234 2.144393 8.276151
 2.138075 0.002726 0.560251 0.024446 0.016551 0.006044 0.371920 0.504141 0.869741 0.035759 0.082898 0.049775 0.073113 0.075520 0.050636 0.125523 0.831213 0.289958 4.904435 4.012218 6.433264 1.200418 0.161841 1.200042
 0.732218 0.002498 0.607029 0.018847 0.019241 0.005958 0.474758 0.544348 0.777774 0.006456 0.046054 0.056688 0.002328 0.040180 0.055700 0.527197 1.482008 1.505021 3.399665 3.453138 0.319665 2.874686 4.005565 9.517573
 0.849372 0.001921 0.667950 0.021202 0.019625 0.006536 0.411354 0.381972 0.666100 0.036752 0.109507 0.058992 0.036324 0.103597 0.061185 0.557322 0.051548 1.539540 1.644100 3.880669 4.475314 0.315900 5.947657 1.655230
 0.234310 0.002134 0.710377 0.019871 0.014273 0.005919 0.542028 0.404395 0.776460 0.055625 0.062429 0.100932 0.094069 0.028562 0.014769 0.185774 1.417573 1.546444 1.365439 4.143766 7.312343 2.937866 7.525607 2.193180
 1.200837 0.002339 0.576569 0.019598 0.017814 0.004791 0.387384 0.531977 0.659531 0.045195 0.029679 0.074201 0.088015 0.060997 0.076798 0.682845 0.837657 0.773222 6.660000 0.361757 3.875941 5.085983 5.623975 7.200251
 3.163180 0.001991 0.660335 0.019461 0.014657 0.006729 0.422952 0.371920 0.827699 0.039732 0.088015 0.001844 0.053089 0.026141 0.021520 0.979079 1.456234 0.973431 2.285021 7.860000 4.675105 2.274477 2.508536 9.186527
 2.753138 0.002138 0.698410 0.023763 0.013449 0.005543 0.487903 0.395890 0.683180 0.026819 0.030191 0.106924 0.081030 0.103113 0.080174 0.115481 0.766778 1.601674 2.201423 4.604184 3.316527 0.442259 0.606904 6.579540
 1.420502 0.001883 0.765858 0.022602 0.016661 0.005630 0.531203 0.434551 0.877623 0.098834 0.029168 0.102315 0.060074 0.067774 0.083549 0.456904 0.128870 1.146025 2.507950 2.861172 8.790795 0.347490 1.780251 3.351841
 0.673640 0.002621 0.760418 0.023012 0.014218 0.005707 0.448469 0.443829 0.801423 0.069531 0.003582 0.082958 0.079633 0.083749 0.040931 1.004184 0.296402 0.089749 5.183096 2.630962 3.436402 4.833264 4.491088 5.627782
 2.679916 0.002671 0.702762 0.019017 0.016249 0.005254 0.484037 0.454654 0.899958 0.108270 0.110531 0.101854 0.025147 0.076488 0.005908 0.873640 0.579916 0.186402 0.250795 5.360586 4.235565 7.234100 7.201925 7.241632
 3.338912 0.001894 0.632050 0.020451 0.018637 0.005283 0.485583 0.509553 0.797481 0.045692 0.073175 0.069132 0.061937 0.089559 0.043885 1.024268 0.586360 0.352092 4.681506 3.420251 0.958996 4.043515 0.000000 4.758787
 1.757322 0.002393 0.748452 0.018471 0.016112 0.005206 0.425272 0.375786 0.747556 0.061088 0.065500 0.093097 0.050295 0.001452 0.043463 1.184937 1.121172 1.118410 2.925941 3.091381 0.279707 3.664435 5.543054 9.393431
 1.054393 0.002613 0.610293 0.020656 0.019488 0.006613 0.465479 0.450788 0.931490 0.086418 0.069593 0.091254 0.000000 0.015007 0.092833 0.853556 1.327364 1.215063 6.046946 5.525021 5.753975 3.253766 6.149958 5.007071
 3.236402 0.001964 0.612469 0.017037 0.018692 0.005167 0.513419 0.442283 0.655590 0.117210 0.006652 0.041940 0.013505 0.061965 0.091567 0.381590 0.876318 0.842259 4.263515 0.559079 1.398536 3.506485 2.063473 3.558745
 1.962343 0.002115 0.775649 0.021475 0.015179 0.005755 0.380425 0.447695 0.834268 0.054135 0.057824 0.109228 0.066594 0.091979 0.000422 0.145607 0.476820 0.310669 6.269874 7.103598 8.151464 4.169874 2.710837 2.441464
 3.207113 0.002691 0.752803 0.017003 0.016496 0.005215 0.388931 0.501821 0.813247 0.052645 0.057312 0.020740 0.045172 0.050346 0.096630 0.984100 0.006444 0.600628 3.176736 1.644351 1.078870 3.853975 6.918703 6.745063
 1.728033 0.002053 0.741925 0.023319 0.014712 0.005649 0.479397 0.433004 0.894703 0.064565 0.049125 0.082036 0.030270 0.010166 0.027428 0.943933 1.069623 0.013808 1.393305 3.814895 8.191423 0.947699 8.294351 3.972552
 0.615063 0.002586 0.586360 0.019803 0.014383 0.005273 0.540482 0.508780 0.913096 0.103800 0.046566 0.005070 0.031201 0.047442 0.005486 0.813389 0.689456 0.069038 2.145690 6.774728 2.077824 3.790795 5.017071 7.448536
 0.805439 0.002459 0.773473 0.018915 0.018774 0.006710 0.463160 0.415993 0.861858 0.048175 0.024562 0.000461 0.110369 0.115700 0.044728 0.607531 1.430460 1.270293 0.027866 5.788117 3.716109 6.918201 6.271339 6.289874
 1.596234 0.002660 0.700586 0.022261 0.016276 0.005071 0.497182 0.542802 0.811933 0.055128 0.052195 0.096785 0.003726 0.002421 0.029116 0.371548 0.650795 1.291004 6.604268 2.203431 3.276569 4.643724 2.913138 2.151799
 2.313808 0.002695 0.711464 0.023217 0.017594 0.005177 0.504141 0.510326 0.700259 0.018873 0.003070 0.076967 0.032133 0.089074 0.016879 0.702929 1.198494 0.075941 1.142510 4.077992 1.718201 4.327824 5.462134 6.455397
 0.322176 0.002486 0.574393 0.018812 0.018857 0.006141 0.549761 0.545895 0.909155 0.010430 0.106949 0.011983 0.062868 0.076004 0.093677 0.190795 0.605690 1.484310 2.006360 5.952552 6.712971 5.875732 9.467699 7.945105
 2.401674 0.002173 0.533054 0.016798 0.017045 0.006218 0.478624 0.407488 0.897331 0.097841 0.034285 0.034105 0.097329 0.065838 0.002954 1.064435 1.320921 0.607531 4.597908 6.215649 9.110460 3.474895 3.074979 4.593264
 1.889121 0.002463 0.661423 0.021271 0.017374 0.005803 0.414447 0.480944 0.880251 0.101317 0.119230 0.044244 0.050760 0.098756 0.013503 0.552301 0.908536 1.387657 0.334393 6.840502 0.719247 2.242887 3.722343 7.862343
 2.958159 0.002416 0.655983 0.023183 0.013147 0.006122 0.552080 0.474758 0.846092 0.111250 0.035820 0.057149 0.052623 0.097788 0.008439 0.306276 1.378912 0.980335 4.124184 0.591967 3.516318 5.623013 9.346318 3.103556
 3.265690 0.002374 0.622259 0.018676 0.013175 0.005119 0.477851 0.547441 0.794854 0.047182 0.044008 0.008296 0.006520 0.086654 0.042197 0.743096 0.483264 1.394561 4.430711 6.906276 0.199791 5.686192 5.745356 5.172594
 2.064854 0.002509 0.551548 0.020076 0.014328 0.005524 0.398982 0.488676 0.873682 0.100324 0.045543 0.005531 0.101521 0.045021 0.053590 1.104603 0.064435 1.366946 2.229289 5.097490 7.152510 7.486820 6.756862 1.613849
 2.709205 0.002412 0.526527 0.018300 0.014904 0.004839 0.392797 0.459294 0.942000 0.109760 0.039402 0.065445 0.007451 0.044053 0.047682 0.547280 0.070879 1.401464 1.198243 4.406862 1.318619 2.053347 2.103933 3.020795
