 1.323529 0.002120 0.651092 0.020846 0.019018 0.551294 0.529553 0.020947 0.054247 0.020168 4.925042 0.063445
 0.382353 0.002492 0.616134 0.019406 0.014443 0.531106 0.487624 0.049874 0.005612 0.363025 2.294622 7.550000
 3.088235 0.002671 0.696975 0.019131 0.016483 0.386682 0.475200 0.027929 0.002806 0.594958 4.813109 5.139076
 3.352941 0.002019 0.655462 0.019269 0.015215 0.523341 0.447247 0.065834 0.012159 0.796639 6.436134 4.758403
 1.117647 0.002430 0.694790 0.018377 0.013671 0.450353 0.523341 0.102740 0.062665 0.746218 5.428739 6.598319
 2.294118 0.001864 0.721008 0.023451 0.015270 0.512471 0.512471 0.076806 0.058924 1.008403 2.686387 1.586134
 0.941176 0.002749 0.707899 0.017417 0.013285 0.543529 0.507812 0.011970 0.069212 0.262185 1.399160 3.045378
 0.117647 0.002104 0.637983 0.018514 0.018798 0.444141 0.437929 0.109723 0.031800 0.332773 1.343193 3.426050
 0.852941 0.002555 0.530924 0.020229 0.016097 0.445694 0.382024 0.030922 0.088853 1.038655 4.477311 1.015126
 1.176471 0.002438 0.780000 0.020297 0.017475 0.479859 0.498494 0.091768 0.065471 0.705882 5.316807 0.253782
 0.323529 0.002081 0.613950 0.021737 0.014223 0.428612 0.391341 0.082791 0.046765 0.453782 0.783529 1.903361
 1.941176 0.001895 0.742857 0.016457 0.015325 0.473647 0.464329 0.078801 0.085112 0.423529 1.678992 3.172269
 3.058824 0.002058 0.622689 0.019954 0.017640 0.490729 0.416188 0.042892 0.104753 0.726050 6.044370 2.664706
 0.147059 0.002135 0.769076 0.019474 0.016924 0.396000 0.420847 0.037904 0.105688 0.171429 0.055966 5.900420
 2.823529 0.002593 0.587731 0.022080 0.015160 0.419294 0.406871 0.085783 0.096335 0.231933 6.660000 3.933613
 3.000000 0.001949 0.723193 0.022423 0.013726 0.400659 0.541976 0.051869 0.094465 0.473950 6.380168 7.359664
 1.088235 0.002089 0.675126 0.024137 0.017751 0.472094 0.444141 0.050871 0.017771 0.040336 5.484706 1.839916
 2.676471 0.002166 0.760336 0.024411 0.017310 0.515576 0.456565 0.055859 0.063600 0.383193 3.693782 5.456303
 1.970588 0.002337 0.576807 0.022560 0.016262 0.528000 0.377365 0.088776 0.082306 0.504202 2.630420 2.474370
 3.382353 0.002027 0.777815 0.023589 0.019074 0.517129 0.428612 0.059849 0.083241 0.736134 0.839496 0.571008
 1.411765 0.001856 0.629244 0.022491 0.015711 0.529553 0.500047 0.068826 0.093529 0.161345 2.350588 1.776471
 3.147059 0.002570 0.605210 0.022354 0.019570 0.495388 0.434824 0.060846 0.047700 0.554622 5.988403 1.142017
 3.294118 0.002182 0.524370 0.022217 0.018522 0.397553 0.423953 0.034912 0.040218 0.131092 3.190084 4.885294
 2.235294 0.002236 0.725378 0.019611 0.019129 0.391341 0.400659 0.021945 0.107559 0.272269 3.469916 2.537815
 2.970588 0.001957 0.561513 0.017486 0.017144 0.441035 0.534212 0.108725 0.033671 0.715966 3.413950 5.265966
 1.029412 0.002516 0.598655 0.018446 0.017254 0.394447 0.441035 0.023939 0.080435 1.078992 1.175294 4.631513
 2.058824 0.002050 0.624874 0.017897 0.013120 0.455012 0.481412 0.066831 0.025253 0.191597 4.309412 5.646639
 2.117647 0.002275 0.526555 0.016594 0.015380 0.378918 0.439482 0.112715 0.074824 0.544538 2.406555 0.888235
 0.529412 0.002228 0.574622 0.019886 0.018467 0.411529 0.518682 0.115708 0.101947 0.917647 5.876471 0.951681
 0.352941 0.002640 0.583361 0.019543 0.018026 0.482965 0.453459 0.058851 0.011224 0.292437 3.637815 0.000000
 3.029412 0.002461 0.677311 0.019200 0.017695 0.486071 0.411529 0.005985 0.045829 0.322689 0.223866 6.661765
 0.617647 0.002725 0.773445 0.020709 0.014167 0.526447 0.462776 0.106730 0.043959 1.058824 5.036975 3.743277
 2.529412 0.002213 0.635798 0.022629 0.015049 0.442588 0.472094 0.081793 0.000935 0.484034 1.511092 4.314286
 1.852941 0.002756 0.653277 0.023794 0.013561 0.476753 0.417741 0.118700 0.035541 0.584874 2.238655 2.347479
 0.264706 0.002384 0.766891 0.019063 0.018302 0.405318 0.369600 0.064836 0.057053 0.826891 5.204874 6.788655
 2.441176 0.001972 0.683866 0.016526 0.018633 0.532659 0.419294 0.029924 0.021512 1.109244 3.581849 3.108824
 2.382353 0.002291 0.749412 0.020503 0.013947 0.459671 0.374259 0.038902 0.059859 1.048739 1.119328 2.157143
 0.588235 0.002322 0.563697 0.017829 0.014388 0.425506 0.383576 0.015960 0.010288 1.068908 6.156303 1.459244
 1.294118 0.001902 0.568067 0.020023 0.017089 0.417741 0.458118 0.031919 0.009353 0.141176 0.391765 5.519748
 3.411765 0.002306 0.565882 0.018240 0.014884 0.416188 0.422400 0.099748 0.068276 0.181513 2.126723 7.296218
 1.823529 0.002143 0.716639 0.021257 0.018136 0.369600 0.490729 0.039899 0.076694 0.978151 4.757143 3.299160
 0.794118 0.002042 0.585546 0.020777 0.014774 0.448800 0.467435 0.007980 0.018706 1.179832 1.287227 1.205462
 1.205882 0.002539 0.755966 0.024206 0.019184 0.403765 0.425506 0.067829 0.022447 0.433613 0.447731 1.713025
 2.500000 0.002508 0.554958 0.021463 0.016042 0.464329 0.517129 0.003990 0.091659 1.200000 2.014790 1.649580
 0.294118 0.002617 0.611765 0.021326 0.016593 0.537318 0.496941 0.116705 0.044894 0.050420 4.085546 3.870168
 2.000000 0.002663 0.657647 0.023177 0.015987 0.496941 0.482965 0.013965 0.028059 1.028571 2.742353 5.773529
 0.882353 0.002244 0.670756 0.024480 0.017916 0.465882 0.535765 0.092766 0.077629 0.010084 0.671597 5.012185
 1.735294 0.001941 0.710084 0.017966 0.014333 0.447247 0.414635 0.028927 0.028994 0.514286 0.615630 7.042437
 0.647059 0.002283 0.541849 0.019680 0.018908 0.554400 0.455012 0.083788 0.081371 0.756303 2.910252 6.281092
 3.323529 0.002454 0.550588 0.016731 0.017420 0.552847 0.431718 0.084786 0.032735 0.302521 2.798319 6.471429
 0.470588 0.002376 0.718824 0.022903 0.019239 0.375812 0.548188 0.094761 0.089788 0.877311 2.182689 5.963866
 1.529412 0.002547 0.609580 0.024343 0.018357 0.409976 0.473647 0.077803 0.078565 0.645378 5.148908 6.090756
 1.500000 0.002260 0.618319 0.016320 0.016207 0.437929 0.451906 0.093763 0.108494 0.766387 1.455126 7.105882
 0.558824 0.001910 0.533109 0.021189 0.018192 0.371153 0.501600 0.019950 0.086047 0.867227 0.503697 5.583193
 2.911765 0.001848 0.544034 0.020914 0.018247 0.518682 0.461224 0.002992 0.023382 0.615126 4.029580 0.824790
 0.911765 0.002477 0.692605 0.023109 0.017034 0.420847 0.388235 0.107728 0.060794 0.090756 3.525882 3.235714
 0.088235 0.001988 0.762521 0.018034 0.016648 0.546635 0.509365 0.047879 0.092594 0.857143 0.167899 7.423109
 1.382353 0.002096 0.727563 0.016389 0.014664 0.534212 0.409976 0.062841 0.019641 0.403361 5.540672 0.761345
 2.176471 0.002679 0.699160 0.022149 0.014002 0.462776 0.476753 0.043889 0.070147 0.252101 1.231261 6.852101
 1.441176 0.002128 0.535294 0.020983 0.015490 0.458118 0.545082 0.018952 0.050506 0.413445 0.335798 0.190336
 1.705882 0.002221 0.537479 0.023931 0.013341 0.507812 0.484518 0.004987 0.003741 0.342857 3.246050 4.377731
 2.617647 0.002329 0.592101 0.017074 0.016372 0.422400 0.537318 0.052866 0.064535 1.159664 5.652605 6.915546
 0.205882 0.002469 0.522185 0.020160 0.015821 0.500047 0.503153 0.072816 0.013094 0.957983 0.559664 3.362605
 0.705882 0.002524 0.664202 0.024274 0.015105 0.388235 0.543529 0.000997 0.039282 0.947899 3.973613 0.444118
 2.794118 0.002174 0.646723 0.018857 0.013451 0.501600 0.514024 0.040897 0.095400 0.524370 3.917647 0.634454
 0.058824 0.002112 0.546218 0.020571 0.018577 0.430165 0.413082 0.017955 0.055182 0.816807 5.372773 5.710084
 1.676471 0.001964 0.775630 0.022766 0.014939 0.524894 0.554400 0.073813 0.100076 0.242017 6.100336 5.392857
 1.147059 0.002531 0.712269 0.022697 0.017806 0.436376 0.392894 0.022942 0.110365 0.201681 5.820504 6.978992
 1.264706 0.001926 0.745042 0.021531 0.019515 0.549741 0.528000 0.048876 0.041153 0.121008 5.260840 6.154202
 0.235294 0.002065 0.688235 0.020366 0.016152 0.545082 0.465882 0.001995 0.007482 0.655462 3.078151 2.981933
 1.558824 0.001879 0.771261 0.021600 0.016428 0.487624 0.538871 0.000000 0.056118 0.847059 1.902857 5.202521
 0.500000 0.002399 0.596471 0.017211 0.019404 0.399106 0.489176 0.026932 0.101012 0.151261 4.253445 2.093697
 1.911765 0.002601 0.747227 0.018994 0.016538 0.389788 0.478306 0.086781 0.052376 0.100840 2.574454 0.317227
 1.058824 0.002764 0.528739 0.024069 0.015876 0.372706 0.549741 0.075808 0.079500 0.030252 6.324202 5.836975
 1.000000 0.002314 0.539664 0.023520 0.016758 0.383576 0.524894 0.057854 0.036476 0.110924 5.092941 1.078571
 0.764706 0.001996 0.666387 0.016663 0.014498 0.402212 0.399106 0.103738 0.034606 0.907563 4.421345 3.552941
 2.352941 0.002360 0.640168 0.020091 0.019680 0.506259 0.385129 0.046882 0.073888 1.099160 2.462521 0.380672
 2.147059 0.002407 0.701345 0.019749 0.013175 0.380471 0.532659 0.053864 0.038347 0.786555 1.790924 2.220588
 3.470588 0.002648 0.738487 0.023040 0.017530 0.493835 0.459671 0.087778 0.014029 0.060504 1.958824 4.441176
 3.117647 0.002694 0.578992 0.020434 0.013230 0.427059 0.479859 0.016957 0.066406 0.937815 4.533277 7.486555
 2.882353 0.002205 0.729748 0.018171 0.013782 0.392894 0.436376 0.113713 0.043024 0.463866 0.279832 1.966807
 3.441176 0.002190 0.633613 0.021806 0.015435 0.461224 0.394447 0.101743 0.030865 0.373109 5.596639 0.507563
 1.882353 0.002656 0.642353 0.017691 0.019625 0.538871 0.403765 0.009975 0.111300 0.675630 6.212269 3.616387
 2.205882 0.002368 0.764706 0.022971 0.014553 0.484518 0.493835 0.014962 0.109429 0.897479 3.861681 4.948739
 1.764706 0.002632 0.600840 0.018789 0.017365 0.514024 0.540424 0.074811 0.072953 0.443697 0.727563 0.697899
 2.029412 0.002624 0.572437 0.017760 0.015546 0.467435 0.396000 0.012967 0.086982 0.312605 4.197479 4.568067
 2.411765 0.001887 0.557143 0.021051 0.018081 0.406871 0.531106 0.098750 0.084176 1.129412 1.734958 1.395798
 3.264706 0.001871 0.705714 0.019337 0.014608 0.520235 0.526447 0.044887 0.000000 0.625210 1.846891 2.410924
 3.500000 0.001933 0.751597 0.023383 0.016869 0.492282 0.427059 0.080796 0.024318 1.089076 0.951429 6.217647
 3.235294 0.002011 0.589916 0.017143 0.016317 0.377365 0.402212 0.010972 0.075759 0.393277 5.932437 6.344538
 0.735294 0.001980 0.648908 0.017554 0.017585 0.439482 0.445694 0.036907 0.048635 0.665546 4.589244 1.268908
 1.647059 0.002772 0.520000 0.019817 0.015766 0.510918 0.448800 0.110720 0.102882 0.494118 4.869076 7.232773
 0.411765 0.002423 0.686050 0.017623 0.018853 0.478306 0.510918 0.025934 0.067341 0.927731 4.981008 5.329412
 1.470588 0.002073 0.570252 0.022011 0.015656 0.431718 0.408424 0.117703 0.072018 1.119328 3.357983 4.123950
 2.764706 0.002392 0.734118 0.016869 0.018412 0.548188 0.380471 0.069824 0.026188 1.189916 0.111933 6.027311
 1.588235 0.001918 0.603025 0.018583 0.014057 0.503153 0.470541 0.090771 0.029929 1.169748 1.007395 3.997059
 2.735294 0.002197 0.736303 0.020640 0.013506 0.413082 0.468988 0.045884 0.020576 0.988235 3.805714 7.169328
 1.235294 0.002702 0.703529 0.017349 0.015931 0.468988 0.405318 0.105733 0.027124 0.776471 2.518487 6.534874
 2.264706 0.002151 0.662017 0.018651 0.018688 0.414635 0.433271 0.111718 0.057988 0.070588 6.548067 2.728151
 3.176471 0.002252 0.581176 0.024000 0.018963 0.541976 0.506259 0.089773 0.090724 0.635294 1.623025 4.060504
 2.647059 0.002485 0.644538 0.023314 0.016979 0.453459 0.552847 0.096755 0.103818 1.139496 3.302017 2.855042
 0.176471 0.002578 0.559328 0.023726 0.019459 0.498494 0.430165 0.097753 0.008418 0.564706 3.749748 4.504622
 2.558824 0.002687 0.690420 0.018720 0.014112 0.489176 0.492282 0.071818 0.098206 0.968067 0.000000 2.284034
 1.794118 0.002446 0.627059 0.021120 0.017971 0.423953 0.386682 0.035909 0.015900 0.695798 3.134118 2.918487
 2.941176 0.002159 0.659832 0.023246 0.014719 0.433271 0.372706 0.063839 0.051441 1.149580 6.492101 6.407983
 2.088235 0.002733 0.758151 0.017280 0.013837 0.434824 0.397553 0.095758 0.006547 0.282353 4.645210 1.332353
 2.705882 0.002267 0.731933 0.018103 0.017199 0.385129 0.546635 0.056856 0.099141 0.211765 0.895462 3.489496
 0.676471 0.002718 0.668571 0.023863 0.014829 0.540424 0.504706 0.006982 0.087918 0.605042 2.070756 2.791597
 2.470588 0.002345 0.679496 0.018309 0.019349 0.521788 0.442588 0.104735 0.106624 0.221849 2.966218 3.806723
 0.970588 0.002034 0.607395 0.022834 0.017861 0.451906 0.495388 0.024937 0.061729 0.080672 4.365378 6.725210
 3.205882 0.002710 0.753782 0.017006 0.014994 0.481412 0.515576 0.032917 0.004676 0.998319 2.854286 0.126891
 2.852941 0.002609 0.740672 0.023657 0.014278 0.475200 0.551294 0.079798 0.016835 0.574790 5.764538 2.030252
 1.617647 0.002298 0.548403 0.016800 0.016813 0.504706 0.389788 0.114710 0.042088 0.836975 1.063361 1.522689
 1.352941 0.002353 0.594286 0.018926 0.013396 0.408424 0.378918 0.041894 0.001871 1.018487 1.567059 4.821849
 2.323529 0.002500 0.714454 0.016937 0.013892 0.382024 0.371153 0.008977 0.071082 0.685714 5.708571 5.075630
 0.823529 0.002003 0.631429 0.021943 0.018743 0.470541 0.520235 0.070821 0.014965 0.887395 4.141513 3.679832
 2.588235 0.002562 0.681681 0.021394 0.015601 0.535765 0.521788 0.100745 0.097271 0.000000 6.268235 4.187395
 0.441176 0.002741 0.552773 0.021669 0.013616 0.456565 0.450353 0.061844 0.037412 0.806723 4.701176 4.250840
 0.029412 0.002415 0.620504 0.022286 0.016703 0.509365 0.375812 0.054861 0.053312 0.534454 6.604034 2.601261
 0.000000 0.002586 0.672941 0.021874 0.019294 0.374259 0.486071 0.033914 0.049571 0.352941 3.022185 4.694958
