 0.002200 0.762007 0.005931 0.700796 0.035733 0.070248 0.032016 0.024744 0.101765 0.083956 0.051244 0.026172 0.050520 0.032802 0.278201 0.159862 0.268339 0.317266 1.678512 5.692111 0.843114 8.360381 6.632353 8.077785 7.079758 3.412941 3.798581 9.707958 1.811349
 0.001950 0.609965 0.006816 0.911578 0.066127 0.061362 0.055266 0.088105 0.065938 0.036201 0.104891 0.092126 0.025943 0.067350 0.602076 0.266436 0.017128 0.233460 0.018581 1.313564 5.194671 5.782872 1.099481 5.802353 3.291696 9.235017 3.832803 5.096678 8.859862
 0.002663 0.573080 0.005039 0.701882 0.088306 0.071095 0.006098 0.000750 0.065175 0.089733 0.001201 0.042573 0.038914 0.060370 0.622837 0.255779 0.685121 1.430692 1.560830 4.585952 6.146574 3.370588 2.057093 0.151696 0.940484 9.067716 3.627474 4.437924 4.961522
 0.002730 0.533495 0.006697 0.942000 0.081735 0.054591 0.000000 0.085855 0.031635 0.075099 0.062854 0.068397 0.042669 0.053391 0.913495 1.140346 1.592907 1.670138 0.662734 1.497924 5.629827 6.642042 3.901384 7.926090 3.866436 9.134637 4.619896 1.872249 5.867197
 0.002142 0.617163 0.005365 0.768159 0.074752 0.006348 0.018295 0.092979 0.016389 0.098976 0.097284 0.032453 0.033111 0.097011 1.100346 1.087059 1.238927 0.371142 1.071522 1.774464 1.169481 7.798616 9.611592 5.574810 6.583391 7.093564 5.646540 6.691557 7.521038
 0.002455 0.697232 0.005031 0.745343 0.050519 0.060938 0.024774 0.103476 0.045737 0.076254 0.040035 0.019891 0.070659 0.015005 0.930104 0.671419 1.564360 1.436678 0.377820 3.226298 3.562837 2.544464 7.589965 0.872249 5.251038 5.788616 6.330969 0.970796 0.433149
 0.002097 0.767405 0.006075 0.906145 0.060788 0.034701 0.011053 0.042740 0.016008 0.034276 0.110095 0.031058 0.036866 0.057579 0.618685 1.017785 0.348270 0.909896 0.433564 6.429550 3.916401 0.826125 7.873702 1.782422 4.911419 1.472249 1.642630 0.173356 7.206021
 0.001883 0.723322 0.005318 0.680152 0.057912 0.083790 0.070511 0.069359 0.091855 0.093584 0.018416 0.070141 0.065198 0.044667 0.045675 0.037301 0.399654 0.718339 1.486505 5.185121 0.979100 0.660900 4.788062 3.830311 1.698097 3.513322 2.224394 1.698893 6.260969
 0.002075 0.699931 0.005963 0.710574 0.097342 0.096486 0.042688 0.073858 0.012959 0.039667 0.075665 0.029662 0.023212 0.009422 0.739100 0.591488 0.473875 0.622561 0.501696 5.162076 5.357855 4.328893 4.397924 1.479031 1.489100 9.603080 0.410657 3.952526 6.772872
 0.002174 0.714325 0.006179 0.895280 0.020536 0.095216 0.089949 0.037116 0.109007 0.088578 0.048042 0.023380 0.010240 0.064209 0.398616 1.513356 1.130450 1.328927 0.439758 0.138270 1.931003 4.494118 9.930796 10.125675 4.989792 8.733114 6.365190 4.368581 0.669412
 0.001938 0.538893 0.005620 0.732304 0.109664 0.074057 0.003811 0.089229 0.047643 0.015790 0.039234 0.020589 0.091823 0.037339 1.104498 0.490242 1.507266 1.424706 1.641349 1.958824 1.196678 4.097578 10.108131 4.475017 1.462976 3.981765 8.486920 1.906920 4.567751
 0.002609 0.537093 0.005302 0.658422 0.006982 0.082098 0.029729 0.031868 0.081564 0.080105 0.038033 0.046063 0.061784 0.072235 0.290657 0.202491 0.993426 1.107439 0.891903 4.493772 0.081592 8.195156 3.050173 1.061869 0.417993 5.019031 8.726471 1.109481 7.717924
 0.002654 0.525398 0.006601 0.757294 0.085020 0.115106 0.021725 0.040116 0.022487 0.074713 0.068860 0.018146 0.040621 0.093522 1.004844 0.543529 1.364533 0.694394 0.185813 3.041938 1.305467 1.222664 8.299308 9.556817 5.825779 4.684429 9.445121 8.078408 2.205121
 0.002021 0.668443 0.005015 0.645384 0.098574 0.073634 0.104433 0.043115 0.071274 0.090503 0.012010 0.091777 0.076462 0.000698 0.585467 1.055087 0.742215 0.281349 0.929066 1.820554 2.148581 9.384775 5.993945 5.916125 4.780796 7.394706 2.292837 5.512734 5.473426
 0.002337 0.636955 0.004871 0.937654 0.112950 0.108335 0.024393 0.000375 0.008385 0.090889 0.078868 0.070839 0.005462 0.092475 1.092042 1.065744 0.696540 0.125709 1.183010 5.254256 4.433149 1.949654 4.185121 3.147682 2.168339 4.985571 8.315813 4.576609 0.708789
 0.002113 0.546090 0.006394 0.672547 0.116236 0.057553 0.054122 0.022495 0.063651 0.014635 0.003203 0.064907 0.037207 0.047459 0.963322 0.282422 0.365398 0.251419 0.427370 0.691349 7.724014 2.577509 3.298443 5.536886 2.638581 8.365052 0.923979 9.569273 2.480761
 0.002065 0.779100 0.005557 0.812706 0.092824 0.097755 0.038876 0.095228 0.074323 0.085497 0.024021 0.087589 0.031063 0.086194 0.174394 1.113702 0.274048 0.203529 0.495502 3.064983 4.977093 7.236851 4.539792 0.530934 2.769204 4.383287 6.981176 8.182422 2.874533
 0.001966 0.707128 0.005023 0.856166 0.034501 0.104526 0.046880 0.035242 0.084613 0.000770 0.073664 0.006630 0.048472 0.001047 0.871972 0.074602 0.976298 0.526782 0.619377 0.000000 0.380761 1.982699 2.198962 5.878201 5.904152 7.160484 8.794913 5.374048 2.008235
 0.002372 0.756609 0.004983 0.862685 0.010268 0.061785 0.073179 0.081356 0.067081 0.064700 0.042837 0.032104 0.084655 0.032104 0.481661 1.097716 1.558651 1.017647 1.257336 1.613149 5.602630 3.866263 0.851211 0.682630 3.161073 8.565813 8.281592 9.881315 5.749066
 0.002737 0.687336 0.006250 0.859426 0.061198 0.121454 0.108625 0.100477 0.052979 0.080875 0.092480 0.041875 0.006144 0.064558 0.950865 1.518685 0.336851 0.850035 1.090104 1.037024 5.330657 3.667993 7.802768 6.257439 7.210381 8.699654 4.654118 7.072941 8.032941
 0.002772 0.780000 0.004799 0.878983 0.107200 0.099448 0.079659 0.104976 0.072417 0.012324 0.115700 0.090381 0.046765 0.023729 1.046367 0.682076 0.839273 0.969758 0.997197 4.724221 4.324360 5.749827 1.454152 5.347266 6.844637 3.881384 4.722561 2.704360 5.630934
 0.002676 0.589273 0.006625 0.867031 0.053805 0.037240 0.022869 0.053238 0.058315 0.085112 0.087676 0.029313 0.060760 0.003839 0.589619 0.250450 1.632872 1.652180 0.514083 5.438616 6.364152 2.742734 5.000865 2.768443 1.671972 3.346021 7.597163 6.310173 7.363529
 0.002721 0.613564 0.004807 0.855080 0.092003 0.019890 0.069749 0.028493 0.092617 0.044289 0.050444 0.033849 0.069977 0.100501 1.170934 0.660761 1.033391 0.993702 0.452145 4.148097 3.508443 7.930796 7.625433 3.337301 0.365744 3.279100 3.490588 3.744498 10.789343
 0.002612 0.591073 0.006370 0.697536 0.020947 0.056707 0.056409 0.001875 0.015246 0.069707 0.080870 0.071188 0.008192 0.036292 0.236678 0.527543 1.016263 1.478581 1.573218 2.857578 3.671626 5.981142 0.709343 2.275433 0.156747 3.680623 0.136886 5.027336 2.992664
 0.002660 0.722422 0.005613 0.643211 0.114182 0.069402 0.002668 0.013497 0.006861 0.006932 0.030827 0.052344 0.093871 0.055834 0.797232 0.197163 0.428201 1.161315 0.173426 3.088028 1.387059 3.436678 1.631488 6.712526 2.664706 2.409135 5.372768 2.635017 9.608028
 0.002212 0.662145 0.006386 0.914837 0.015197 0.024545 0.076991 0.066360 0.104814 0.106679 0.068059 0.086543 0.073049 0.075376 0.348789 1.310865 0.108478 0.005986 0.216782 4.125052 5.983391 7.137716 8.973183 9.215502 0.574740 3.814464 8.247370 5.755433 1.732595
 0.002133 0.554187 0.005142 0.804014 0.023411 0.112990 0.091855 0.107600 0.032016 0.077794 0.047641 0.033500 0.017750 0.083402 0.452595 1.289550 0.102768 0.221488 0.693702 1.866644 1.006298 1.553114 1.737889 4.323322 6.322145 6.993183 4.072353 2.739031 7.481661
 0.002670 0.708927 0.005541 0.798581 0.055448 0.082521 0.102908 0.061486 0.085376 0.003851 0.025622 0.015703 0.035842 0.056532 0.303114 0.101246 1.358824 1.508512 0.179619 4.171142 1.495848 7.732526 6.384083 6.295363 4.702422 3.212180 4.209239 8.217093 10.710588
 0.002590 0.747612 0.005549 0.851820 0.024233 0.095639 0.092617 0.002249 0.024012 0.091274 0.092880 0.048506 0.058712 0.059672 0.680969 0.341038 1.056228 0.059862 1.628962 5.599931 4.269965 4.461073 9.824394 4.626713 6.165398 4.918651 7.939377 2.288304 7.796678
 0.001947 0.611765 0.005987 0.648644 0.013554 0.071518 0.066319 0.007123 0.067843 0.018486 0.028825 0.084100 0.062808 0.023380 0.942561 0.431626 0.285467 0.149654 1.697093 5.807336 6.200969 6.840311 5.320069 1.099792 4.049308 7.796228 9.308235 6.795571 6.024706
 0.002321 0.725121 0.004648 0.647557 0.099807 0.042742 0.002287 0.000000 0.083851 0.019256 0.106092 0.055834 0.012289 0.070839 0.859516 0.111903 1.301730 0.113737 0.768028 4.954671 5.140277 8.459516 9.363322 0.796401 2.899827 7.060104 2.361280 9.534602 5.000900
 0.001992 0.632457 0.005892 0.771419 0.041073 0.072364 0.051835 0.091854 0.051454 0.029654 0.044438 0.027568 0.079534 0.010818 0.357093 1.049758 0.308304 0.987716 0.991003 5.876471 0.897509 7.402076 10.250000 8.457024 6.296021 9.469239 1.505744 9.014533 7.954187
 0.002551 0.631557 0.005772 0.820311 0.097753 0.017351 0.004955 0.023245 0.073179 0.055457 0.009608 0.096662 0.034135 0.017448 0.402768 0.767336 1.495848 1.095467 0.297301 5.461661 3.345260 6.212457 3.085640 7.395156 3.004325 0.334602 5.749204 0.589412 4.213356
 0.002638 0.776401 0.004903 0.636692 0.056680 0.097332 0.080802 0.037491 0.043450 0.010398 0.011210 0.006281 0.051885 0.027917 0.311419 1.412111 0.884948 0.161626 0.594602 2.995848 2.529343 7.335986 8.051038 7.546851 1.776471 3.546782 0.034221 8.009066 11.222491
 0.001925 0.531696 0.006067 0.883329 0.068181 0.055437 0.029348 0.097478 0.003430 0.089348 0.059652 0.085845 0.046082 0.035594 0.955017 0.820623 1.101903 1.568374 0.068131 6.014740 4.596332 0.495675 4.929931 2.085813 1.880969 9.368858 5.680761 6.518201 3.543945
 0.002526 0.560484 0.004959 0.682325 0.076395 0.060092 0.047643 0.005624 0.073942 0.102057 0.037633 0.012563 0.029356 0.073980 0.340484 0.772664 0.176990 0.305294 0.588408 5.507751 3.590035 4.890657 1.383218 9.291349 5.460035 6.692042 4.311903 2.357647 3.977093
 0.002519 0.620761 0.005333 0.819225 0.028751 0.090561 0.067081 0.066735 0.048786 0.077409 0.086074 0.053391 0.063832 0.005932 0.377855 0.644775 0.119896 1.484567 0.192007 2.004913 3.046090 0.429585 9.753460 9.139654 5.224913 8.398512 9.137128 4.541938 5.040277
 0.001848 0.646851 0.006139 0.689931 0.117879 0.066863 0.025155 0.025869 0.000381 0.071633 0.041236 0.094918 0.044375 0.010469 0.734948 1.273564 1.290311 0.460934 0.421176 2.534948 2.012595 4.626298 8.512111 8.419100 0.287370 7.628927 4.551453 0.797439 10.159308
 0.002203 0.777301 0.004975 0.767073 0.098985 0.107489 0.105576 0.038241 0.050311 0.031580 0.004404 0.078865 0.033452 0.025474 0.651903 0.538201 0.753633 1.119412 0.123875 2.880623 2.828512 1.420934 4.575260 10.429066 1.828720 4.249446 3.114152 6.067474 7.757301
 0.002750 0.578478 0.006426 0.635606 0.018483 0.017774 0.062507 0.047614 0.009147 0.070092 0.066057 0.051297 0.009216 0.016052 0.722491 1.268235 0.199827 0.963772 0.860934 4.931626 0.761522 8.624740 8.476644 0.568858 5.094291 3.145260 0.650208 8.563806 5.512803
 0.002312 0.633356 0.006115 0.628000 0.062020 0.112144 0.107101 0.025494 0.001906 0.068166 0.079669 0.027917 0.086361 0.080959 0.369550 0.458270 0.062803 1.053564 1.108685 5.000761 0.054394 6.575952 1.064014 0.720554 2.298962 0.869965 3.559031 6.379516 1.378201
 0.002069 0.526298 0.006131 0.688844 0.041483 0.058822 0.097953 0.007498 0.017151 0.019641 0.111697 0.011865 0.000341 0.080261 0.269896 0.399654 1.250346 1.089481 1.554637 4.355502 7.560830 1.123529 8.689446 9.518893 5.642907 5.989377 9.239792 8.147751 7.560415
 0.002641 0.690035 0.006753 0.927875 0.084610 0.060515 0.017914 0.079857 0.092236 0.011554 0.106892 0.006979 0.030039 0.004885 0.191003 0.788651 0.787889 0.347197 1.765225 4.977716 2.665329 8.393426 9.150519 10.353218 0.052249 6.825882 4.825225 1.525536 2.835156
 0.002542 0.558685 0.006705 0.826830 0.043948 0.093524 0.023631 0.064485 0.100240 0.064315 0.029225 0.071886 0.012630 0.031407 1.017301 0.500900 0.530969 0.413045 0.668927 3.963737 0.163183 2.048789 2.660035 4.702561 0.391869 4.048685 0.102664 6.206159 5.079654
 0.001918 0.735017 0.005254 0.784457 0.058734 0.031316 0.063651 0.082856 0.055647 0.002311 0.113298 0.039084 0.043010 0.041875 0.842907 1.129689 1.512976 0.335225 1.052941 2.742353 1.795017 9.450865 5.674740 2.806367 2.795329 0.234221 5.612318 3.085744 11.261869
 0.002379 0.574879 0.006800 0.902886 0.023001 0.051205 0.030872 0.011997 0.054884 0.062004 0.076866 0.061068 0.020822 0.012214 0.315571 1.438754 0.765052 0.448962 0.613183 0.645260 3.535640 7.071626 8.121972 0.113772 6.452768 5.654775 1.368858 3.536471 8.584221
 0.002548 0.737716 0.005692 0.761640 0.025465 0.022006 0.048024 0.035617 0.077372 0.028114 0.100087 0.083402 0.065539 0.014656 0.041522 0.063945 1.153287 0.712353 1.331661 0.714394 1.686228 1.387889 5.355536 7.850242 1.567474 0.635744 1.779516 9.811972 1.141938
 0.002446 0.593772 0.004736 0.651903 0.018893 0.084637 0.028204 0.010123 0.022869 0.045059 0.095282 0.051995 0.082948 0.013261 0.012457 0.468927 0.565225 0.903910 0.092907 4.885536 0.299170 4.989792 1.879758 2.313356 5.721280 5.520934 2.190173 8.841176 5.237163
 0.001982 0.644152 0.004935 0.930048 0.078449 0.108758 0.011815 0.050613 0.020582 0.018101 0.062454 0.000349 0.097626 0.000000 0.004152 0.607474 0.622318 1.340900 1.659931 1.751419 6.853702 0.561765 6.916090 10.087751 4.859170 5.286713 7.460277 0.000000 2.756401
 0.002724 0.535294 0.005134 0.644298 0.093646 0.122300 0.039639 0.096353 0.013721 0.027344 0.108093 0.058626 0.077145 0.003141 0.382007 0.373010 0.656574 1.370830 0.631765 1.451834 6.064983 3.734083 4.504325 7.091765 3.317820 2.308754 5.098997 4.957993 6.694118
 0.001963 0.681038 0.005086 0.713834 0.013965 0.002116 0.090712 0.029993 0.011434 0.024648 0.056048 0.050948 0.097285 0.082355 1.146021 0.420969 0.074221 0.431003 1.480311 1.544014 3.073287 2.511419 9.966263 10.960000 6.661765 2.442595 0.615986 9.777301 2.244498
 0.002264 0.712526 0.006545 0.931135 0.029983 0.033431 0.096048 0.062985 0.051073 0.105523 0.032028 0.038037 0.083631 0.071188 0.992388 0.612803 0.302595 1.322941 0.650346 3.272388 6.581730 3.139273 8.618512 5.498962 5.930277 8.933875 3.148374 4.645952 3.150173
 0.002257 0.702630 0.005533 0.646471 0.106789 0.032162 0.096429 0.104601 0.018676 0.093199 0.010809 0.021636 0.097967 0.086892 0.519031 0.335709 0.730796 0.856021 1.467924 3.387612 6.608927 2.412284 9.185986 8.874187 1.044983 2.542976 4.448789 1.560208 7.875433
 0.002017 0.610865 0.006665 0.654076 0.060377 0.037663 0.095667 0.046489 0.001525 0.062775 0.058050 0.097709 0.005803 0.099803 1.183391 0.623460 1.090484 1.358858 0.879516 6.083875 7.615225 0.264360 0.496540 8.305329 0.809862 6.658581 9.890000 0.901453 1.496332
 0.002117 0.641453 0.004895 0.817052 0.117057 0.053321 0.064794 0.089979 0.011053 0.083571 0.040435 0.038386 0.072366 0.077470 0.639446 1.044429 1.067647 1.706055 0.030969 5.968651 0.870311 6.311592 2.269896 4.133702 7.367128 4.517128 2.429723 0.138685 7.639170
 0.002091 0.772803 0.006633 0.676893 0.117468 0.094370 0.099478 0.011622 0.046118 0.107449 0.030426 0.088985 0.001024 0.027568 0.556401 0.000000 0.799308 0.089792 0.526471 2.719308 3.970796 3.337543 9.079585 6.067820 3.343945 9.101176 3.524810 7.974394 8.072318
 0.001886 0.740415 0.005740 0.886588 0.042716 0.091831 0.079278 0.077232 0.023250 0.026188 0.023220 0.070490 0.029015 0.003490 0.298962 0.932526 0.411073 0.933841 0.823772 3.249343 6.744913 1.751384 8.653979 7.281384 5.068166 2.476055 7.015398 1.317509 2.559516
 0.002190 0.663045 0.005341 0.735564 0.073109 0.035547 0.035065 0.049489 0.021344 0.098591 0.077667 0.063860 0.088751 0.081308 0.406920 1.454740 1.621453 0.634533 0.978616 6.037785 0.353564 7.534256 7.980104 0.644706 5.538408 0.401522 1.539965 9.603945 6.379100
 0.002439 0.691834 0.005190 0.829003 0.045591 0.104103 0.013340 0.036367 0.032397 0.037357 0.013612 0.010120 0.028332 0.076423 1.187543 1.081730 1.404498 1.388789 1.399792 1.428789 3.100484 2.346194 5.142734 1.365260 3.683564 7.528547 0.992422 7.593010 8.347958
 0.002216 0.548789 0.005174 0.850734 0.014786 0.074480 0.078515 0.017996 0.070892 0.098206 0.060452 0.056881 0.000000 0.075027 0.718339 1.193633 1.490138 0.598616 1.511280 6.314325 3.726021 6.906401 10.072664 10.315294 7.184256 1.037266 2.943045 0.624083 5.355294
 0.002308 0.766505 0.004608 0.649730 0.096521 0.109181 0.101384 0.090354 0.056409 0.042748 0.093681 0.092824 0.036524 0.060719 1.162630 1.060415 1.307439 0.867993 1.436955 3.433702 3.698824 2.907958 0.354671 2.654671 0.130623 7.863149 4.517232 7.939723 0.039377
 0.002555 0.752111 0.005565 0.912664 0.106378 0.026661 0.019819 0.025119 0.084232 0.029269 0.012411 0.091428 0.066563 0.016750 0.132872 0.564844 0.245502 0.682422 0.644152 6.475640 0.571142 6.774221 4.007785 1.820346 6.505017 5.487474 1.231972 1.005467 9.844291
 0.001902 0.671142 0.004887 0.934394 0.056270 0.082944 0.044975 0.083981 0.026299 0.039282 0.013211 0.005932 0.004438 0.053740 0.249135 0.991142 1.478720 0.646505 0.154844 4.332457 6.500138 5.022837 0.744810 3.033910 5.695156 2.342215 5.338547 3.155087 6.536609
 0.001880 0.570381 0.005724 0.675806 0.020126 0.004232 0.097191 0.064110 0.041926 0.073173 0.034430 0.025474 0.032428 0.039084 0.149481 0.303737 0.319723 1.616263 0.551246 1.060069 6.935294 2.313149 5.497405 2.730519 3.239446 6.892803 5.886090 1.768235 3.780208
 0.002615 0.532595 0.005605 0.789889 0.001232 0.089292 0.041926 0.029243 0.057934 0.074328 0.098085 0.054089 0.006827 0.087938 0.328028 0.777993 0.588062 0.724325 1.325467 0.483945 1.903806 9.186505 4.468858 10.884152 1.802595 0.702664 1.471522 9.638616 2.402007
 0.001864 0.626159 0.005860 0.860512 0.021769 0.055860 0.012578 0.022120 0.108244 0.095895 0.002002 0.036990 0.000683 0.057230 0.431834 1.380138 0.154152 1.310969 1.313080 2.373633 1.631834 3.040138 9.788927 1.630727 2.246713 3.111799 2.258616 2.045606 3.347059
 0.002276 0.745813 0.005868 0.743170 0.078860 0.021582 0.106339 0.073108 0.044594 0.045829 0.000400 0.052693 0.001707 0.006979 0.672664 1.001799 1.170415 0.802145 1.548443 5.715156 5.004291 9.252595 5.391003 8.912111 2.429585 2.375675 2.155952 3.051073 2.047612
 0.002107 0.552388 0.006266 0.740997 0.043537 0.046127 0.024012 0.085480 0.065556 0.108604 0.054847 0.024427 0.091140 0.067001 0.834602 1.476055 0.222664 1.239135 0.854740 0.161315 0.027197 5.254152 4.717128 4.437093 5.146540 5.755156 2.327059 4.333910 5.670311
 0.002171 0.732318 0.006904 0.939827 0.105146 0.089715 0.109007 0.102726 0.107101 0.108219 0.020017 0.043620 0.027991 0.088636 0.444291 1.028443 1.193253 1.526471 0.829965 2.511903 6.173772 1.520069 7.341696 9.101730 4.153806 3.914844 3.764360 3.605813 8.426713
 0.001896 0.564983 0.006888 0.849647 0.067770 0.016081 0.081946 0.102351 0.104052 0.072403 0.055648 0.012912 0.014337 0.048506 0.078893 0.905882 0.713668 0.544740 0.718478 3.986782 7.234464 0.594810 1.028547 4.399170 7.236505 2.844118 3.079931 0.832111 5.158408
 0.002209 0.685536 0.005102 0.892021 0.062430 0.007194 0.033159 0.026994 0.056790 0.097051 0.006005 0.081657 0.054957 0.025823 0.157785 0.314394 0.702249 1.682111 1.610381 0.967889 1.033495 5.551557 3.759516 7.660623 6.975260 4.450208 1.266194 8.251765 1.653841
 0.001944 0.619862 0.005979 0.725785 0.089949 0.021159 0.033922 0.060736 0.044975 0.100131 0.040835 0.026521 0.095919 0.009771 0.730796 1.177647 1.393080 0.873979 1.585606 6.360415 2.556540 2.676644 1.986159 9.936055 3.814187 7.428166 9.821557 0.728097 7.245398
 0.002331 0.771003 0.005094 0.833349 0.059555 0.107912 0.099097 0.068234 0.027061 0.056613 0.023620 0.017099 0.024236 0.095267 0.083045 1.262907 1.330277 0.915882 0.476920 1.336609 2.039792 5.716782 2.801903 8.950035 1.515225 4.784810 4.927889 0.277370 0.984429
 0.002296 0.618062 0.006378 0.718180 0.043126 0.114683 0.035446 0.009748 0.006479 0.053917 0.086475 0.004188 0.067246 0.041178 0.465052 0.735363 0.650865 1.628235 1.139654 2.258408 4.569135 9.219550 5.816609 5.309343 5.329412 1.806851 8.658028 1.733564 4.607128
 0.002085 0.567682 0.005310 0.794235 0.064895 0.048666 0.064032 0.099727 0.024774 0.025418 0.102489 0.065954 0.016043 0.056881 1.191696 0.746021 0.262630 1.448651 1.597993 3.502837 4.514740 0.925260 9.647059 3.564844 0.470242 4.717889 5.441211 8.945190 4.922145
 0.002030 0.545190 0.005238 0.876810 0.062841 0.030046 0.006861 0.048739 0.064032 0.006162 0.056849 0.015005 0.060419 0.028266 1.141869 0.149204 0.022837 0.023945 0.873322 2.396678 4.079585 9.483910 5.071799 5.726505 4.310554 7.127024 6.912734 7.835709 5.906574
 0.002449 0.565882 0.004831 0.831176 0.021358 0.001693 0.032397 0.080981 0.084995 0.026573 0.021218 0.047110 0.080558 0.008375 0.456747 0.010657 0.496713 1.346886 0.346851 4.539862 1.849412 4.659343 9.221453 10.922076 5.486159 2.074533 6.810069 6.171488 9.450519
 0.002388 0.684637 0.005955 0.694277 0.109253 0.012272 0.034303 0.065235 0.033540 0.094355 0.089277 0.077470 0.057688 0.000349 0.224221 0.234464 1.450173 1.191246 1.703287 1.636194 4.215571 5.485467 8.795848 5.423114 1.253979 6.089758 8.213149 9.118547 8.938616
 0.002762 0.708028 0.006649 0.744256 0.007393 0.067286 0.046118 0.020245 0.026680 0.090118 0.090879 0.000000 0.011265 0.040131 0.261592 1.209619 0.011419 1.083495 1.282111 2.903668 1.332664 1.057439 5.852076 3.526920 4.650173 6.792422 0.787093 1.802907 3.504567
 0.002635 0.647751 0.005652 0.810533 0.069824 0.063478 0.100240 0.057737 0.086138 0.036972 0.000801 0.041178 0.007851 0.076772 0.905190 0.388997 1.353114 0.173599 0.681315 2.604083 7.180069 7.203806 3.936851 1.403183 0.862111 4.851730 1.095087 7.870381 2.283875
 0.002340 0.594671 0.006458 0.664941 0.085431 0.083367 0.086138 0.105726 0.062888 0.022337 0.103690 0.073282 0.053251 0.049553 0.232526 0.213149 1.124740 1.179273 1.690900 0.898754 4.650727 8.922145 6.064879 1.554879 7.393253 9.536159 7.357612 1.144152 5.827820
 0.002769 0.523599 0.005278 0.861599 0.032447 0.101141 0.085757 0.002999 0.106720 0.107834 0.049643 0.058975 0.075780 0.012912 0.685121 1.449412 1.027682 1.167301 1.771419 2.488858 3.454048 3.535813 0.993080 4.588789 1.724221 8.164291 7.665606 1.213495 10.001799
 0.002001 0.672941 0.006027 0.938740 0.002054 0.120607 0.060220 0.099352 0.010672 0.099361 0.103289 0.058277 0.030721 0.098756 0.996540 0.900554 0.405363 1.173287 1.740450 0.990934 6.527336 3.998443 2.872837 2.844291 4.754671 2.007612 3.387924 6.136817 5.985329
 0.002404 0.618962 0.005461 0.730131 0.037787 0.065170 0.016008 0.107225 0.050692 0.051606 0.111296 0.045714 0.015019 0.065256 0.016609 1.540000 1.079066 0.047889 1.362630 2.235363 3.834810 0.396540 5.639273 10.846228 0.600865 4.082145 0.307993 4.819308 6.891003
 0.002059 0.696332 0.006210 0.641038 0.071877 0.079558 0.080040 0.042365 0.037352 0.088193 0.000000 0.060719 0.013995 0.063162 1.154325 1.369481 1.433045 0.957785 1.449343 5.092941 0.108789 5.683737 3.653114 6.977993 3.370069 2.777197 4.483010 4.888651 10.907474
 0.002347 0.709827 0.005373 0.865945 0.048466 0.118491 0.043450 0.052488 0.048405 0.046985 0.055248 0.016052 0.043693 0.095965 0.386159 1.230934 0.234083 1.281038 1.127266 5.069896 2.094187 2.247059 6.880623 0.189619 4.597924 7.695848 8.897578 1.248166 7.127266
 0.002475 0.748512 0.006537 0.897453 0.108021 0.022852 0.025918 0.085105 0.089949 0.100517 0.059251 0.032802 0.052909 0.055485 0.626990 1.529343 1.044810 0.514810 0.284913 3.710242 5.113080 4.295848 4.681661 4.361246 4.258304 2.944498 4.962111 1.490865 1.575087
 0.002746 0.727820 0.004672 0.903972 0.011500 0.098179 0.048786 0.044615 0.089568 0.001540 0.094081 0.043969 0.061102 0.042922 0.838754 0.351696 0.331142 1.047578 0.867128 6.337370 2.638131 5.848962 1.666955 1.516955 1.018858 9.000796 0.342215 9.083875 0.511903
 0.002382 0.715225 0.005939 0.802927 0.050109 0.068556 0.092999 0.106850 0.040020 0.040053 0.036031 0.046412 0.043351 0.040829 0.137024 0.133218 0.171280 0.772215 0.142457 3.134118 7.588028 9.550000 0.673875 7.584775 1.854844 4.015225 4.585675 0.485398 0.157509
 0.002766 0.764706 0.006657 0.887675 0.005339 0.109604 0.064413 0.018746 0.058696 0.105138 0.112497 0.007328 0.078510 0.050251 0.635294 0.442284 0.068512 0.574671 0.545052 5.369481 5.901799 3.469723 2.943772 6.409135 4.075433 8.264671 1.437301 6.830242 8.151073
 0.002129 0.717024 0.006218 0.780111 0.095699 0.092677 0.072036 0.083231 0.047262 0.033506 0.100487 0.011516 0.090116 0.089683 0.689273 0.021315 1.581488 0.688408 0.885709 6.222145 2.583737 8.823010 2.482699 5.043875 4.467301 0.769585 1.403080 3.709827 1.220692
 0.002145 0.713426 0.004943 0.650817 0.084199 0.068133 0.054884 0.028868 0.088044 0.018871 0.072062 0.005583 0.019798 0.026870 0.066436 1.023114 0.816436 1.562388 0.935260 3.548927 4.868304 5.320242 3.440311 9.480969 3.918685 6.156678 0.752872 2.322976 10.946851
 0.001931 0.706228 0.006202 0.634519 0.023822 0.115952 0.094142 0.019870 0.076228 0.008088 0.107693 0.047808 0.045058 0.020589 0.925952 1.481384 1.256055 1.005675 0.117682 2.765398 3.209273 8.657785 0.141869 5.612734 0.653114 7.461626 5.714983 7.038270 2.362630
 0.002254 0.627059 0.005270 0.663855 0.007804 0.023275 0.071274 0.026244 0.076991 0.070477 0.029626 0.039782 0.071001 0.012563 0.186851 0.911211 1.461592 0.341211 0.532664 0.760484 1.359862 1.156574 2.695502 5.271419 7.027509 8.431972 1.163529 8.390450 9.293010
 0.002583 0.564083 0.004823 0.799668 0.004107 0.047820 0.054503 0.047239 0.062507 0.080490 0.005204 0.037688 0.023894 0.099454 0.917647 1.348166 0.856401 0.981730 0.922872 1.912734 7.071280 0.462630 2.340830 1.023945 0.000000 3.245640 8.623806 4.680623 10.749965
 0.002267 0.596471 0.004911 0.790976 0.079270 0.096909 0.083851 0.037866 0.068224 0.081261 0.115300 0.065256 0.009899 0.082704 1.050519 0.996471 0.456747 0.329239 0.569827 5.530796 4.841107 5.948097 8.157439 10.163599 6.087024 0.100381 2.635052 9.985329 9.253633
 0.002596 0.576678 0.005517 0.749689 0.003697 0.025814 0.052216 0.032243 0.040401 0.033891 0.053646 0.093173 0.067587 0.097709 0.809689 0.687405 0.005709 1.293010 0.489308 5.208166 2.991696 0.760035 6.774221 0.000000 4.206055 0.836505 8.452699 7.697024 8.111696
 0.002177 0.528097 0.004712 0.720353 0.103092 0.024121 0.037352 0.067484 0.057552 0.052376 0.078468 0.050599 0.015702 0.071886 0.166090 0.655433 0.936332 0.939827 0.507889 0.023045 4.405952 5.419377 3.865917 7.129689 3.448443 2.509516 3.901246 8.043737 10.395571
 0.002417 0.636055 0.005581 0.858339 0.017661 0.036394 0.043069 0.031493 0.007242 0.043904 0.065657 0.092475 0.074414 0.100850 0.058131 0.261107 1.341696 1.442664 0.006194 4.516817 3.644429 7.567301 4.646194 0.417163 6.217647 7.495087 4.380346 5.928789 10.041176
 0.002708 0.623460 0.004744 0.806187 0.004518 0.064324 0.021344 0.001125 0.005336 0.101672 0.075265 0.049204 0.073731 0.022334 0.788927 1.300208 0.000000 0.425017 1.300692 0.737439 6.989689 6.608997 5.710208 6.522907 0.026125 0.669204 2.463945 2.149619 6.182215
 0.002053 0.615363 0.004919 0.759467 0.054627 0.111720 0.078896 0.030368 0.096048 0.087808 0.095683 0.087240 0.026625 0.078167 1.000692 1.444083 1.073356 0.604602 1.728062 0.530035 5.575433 6.014187 8.831315 0.265467 4.336678 0.736125 6.433633 6.102145 0.000000
 0.001941 0.609066 0.005589 0.921356 0.096110 0.009733 0.031635 0.022870 0.053741 0.050451 0.020418 0.016750 0.005120 0.029313 0.805536 0.953841 1.210381 0.640519 1.114879 4.608997 5.711419 0.198270 4.256055 7.812318 1.619723 4.617509 7.562941 4.091211 3.858962
 0.002155 0.710727 0.004767 0.801841 0.035322 0.078289 0.051073 0.062236 0.025918 0.017330 0.049243 0.001745 0.049154 0.051297 1.058824 1.103045 1.541522 0.502837 0.136263 0.046090 5.276263 5.088927 0.638408 9.784360 4.493426 8.866955 3.593253 2.531003 10.631834
 0.002350 0.751211 0.006721 0.880069 0.005750 0.077866 0.050311 0.032992 0.059077 0.046215 0.009208 0.084449 0.032087 0.091428 1.008997 1.156332 0.291176 0.796159 0.080519 1.520969 2.230173 9.087370 3.972318 7.888166 6.949135 8.599273 5.167439 5.304706 2.086990
 0.002692 0.612664 0.006681 0.679066 0.063663 0.110028 0.016389 0.008623 0.081183 0.028884 0.048842 0.024776 0.081241 0.031756 0.000000 1.204291 0.645156 1.269066 1.263529 6.613910 5.385052 0.693945 4.220588 10.504913 1.123356 0.803045 3.730138 4.749965 9.765536
 0.002408 0.527197 0.006784 0.797495 0.091181 0.050359 0.062888 0.023994 0.009910 0.030810 0.083272 0.100152 0.077828 0.036990 0.307266 0.058616 0.707958 0.035917 0.910484 2.696263 4.106782 5.188062 6.490484 3.944083 2.272837 5.554394 7.289170 0.658754 1.338824
 0.002619 0.649550 0.006585 0.684498 0.104325 0.107065 0.100621 0.004124 0.093380 0.048910 0.088877 0.056183 0.029697 0.011516 0.631142 0.964498 0.422491 0.826090 0.055744 1.474879 4.623529 3.172318 8.405709 8.722491 5.172664 5.387093 2.121730 3.432457 10.356194
 0.002123 0.577578 0.005676 0.889848 0.083378 0.111297 0.001906 0.050988 0.071655 0.081646 0.079269 0.021287 0.087727 0.091079 0.099654 1.422768 0.182699 1.676125 1.523668 1.728374 7.397647 4.593253 8.760381 7.205536 3.500692 6.123218 3.045709 4.299239 8.781107
 0.002500 0.634256 0.005971 0.752948 0.057091 0.086329 0.020963 0.006748 0.004574 0.049681 0.050844 0.038735 0.018092 0.046063 0.120415 0.223806 0.959170 1.364844 0.712284 0.207405 4.541938 0.000000 9.505190 7.167612 1.541349 6.457820 2.019066 7.350311 11.143737
 0.002561 0.586574 0.006346 0.659509 0.055037 0.004655 0.104052 0.065985 0.104433 0.078180 0.054047 0.096313 0.022529 0.063860 0.768166 0.474256 0.188408 1.233149 1.498893 6.268235 5.793010 0.099135 6.419550 9.746436 3.709689 1.706471 4.346125 5.270035 2.638270
 0.002743 0.604567 0.005445 0.691017 0.033269 0.110451 0.081564 0.016121 0.049930 0.009243 0.036431 0.017797 0.062467 0.018146 1.042215 0.841938 0.719377 0.664464 0.947647 5.139031 1.958201 6.377682 9.398789 9.632664 3.997059 5.420554 4.791003 1.941592 0.787543
 0.002734 0.654948 0.006410 0.908318 0.080913 0.102410 0.107863 0.093353 0.053360 0.041593 0.057650 0.075027 0.089775 0.015354 1.116955 1.326851 1.296021 0.760242 1.474118 0.460900 1.115087 8.228201 7.057958 1.175640 6.740138 1.739931 8.144706 8.771834 4.331488
 0.002574 0.771903 0.005900 0.746429 0.046001 0.044857 0.020582 0.082481 0.082708 0.092429 0.064456 0.045365 0.023553 0.066303 0.477509 0.154533 0.628028 0.053875 0.235363 2.834533 4.351557 6.542907 2.128028 2.237509 6.426644 9.502699 5.920311 5.339377 9.686782
 0.002376 0.679239 0.006450 0.923529 0.110075 0.102834 0.008385 0.019496 0.045356 0.062390 0.071262 0.007677 0.088068 0.076074 0.867820 1.353495 1.096194 0.736298 0.576021 4.032872 2.610934 2.081834 0.319204 10.694533 4.441176 6.625121 5.475433 9.465260 7.324152
 0.002503 0.640554 0.006745 0.662768 0.094056 0.085060 0.040401 0.069734 0.022106 0.053147 0.080069 0.023729 0.004779 0.041526 0.884429 0.346367 0.502422 1.520484 0.222976 2.627128 4.460346 4.824567 0.106401 6.636678 1.306228 2.810657 9.000242 9.257232 10.553080
 0.002401 0.588374 0.006155 0.848561 0.078038 0.031739 0.008004 0.033742 0.012197 0.054302 0.114099 0.042224 0.090458 0.068397 0.901038 1.108374 1.427336 0.155640 0.340657 4.470727 6.636125 8.261246 4.610727 9.253426 0.522491 3.580242 1.129308 6.864913 9.529273
 0.002647 0.754810 0.005046 0.704055 0.044358 0.094793 0.036971 0.052863 0.040782 0.042363 0.082872 0.062115 0.080900 0.100152 0.244983 1.508028 1.010554 0.257405 0.309689 4.401592 7.288858 7.831661 2.553633 8.001938 2.534083 2.174913 9.342457 6.968927 2.677647
 0.002436 0.582976 0.005788 0.836609 0.032037 0.010156 0.004574 0.017621 0.004955 0.037742 0.046040 0.042922 0.096943 0.058626 0.282353 0.980484 0.159862 0.490865 0.836159 1.152249 1.414256 2.941003 8.228374 6.826298 6.034775 4.182526 7.426055 2.877716 1.890104
 0.002324 0.624360 0.006481 0.915924 0.036144 0.028776 0.033540 0.070109 0.012578 0.004621 0.089678 0.095267 0.068611 0.086543 0.581315 0.719377 0.376817 0.885952 1.517474 0.576125 7.424844 1.883564 1.205882 0.455087 2.716955 6.390900 0.581765 0.346713 8.741730
 0.002433 0.530796 0.006617 0.670374 0.080092 0.121030 0.022106 0.101602 0.051835 0.063160 0.022820 0.004885 0.032770 0.021985 0.182699 0.079931 1.221799 0.580657 1.567024 6.245190 3.889204 3.106228 6.596886 9.860208 2.403460 6.926263 5.133218 8.633149 2.126367
 0.002094 0.724221 0.006689 0.734478 0.044769 0.059246 0.030491 0.068984 0.041544 0.077024 0.102088 0.093522 0.052568 0.024427 0.892734 0.756678 0.862111 0.454948 0.557439 6.498685 7.016886 1.718339 0.390138 10.542837 3.082699 9.670000 6.125640 2.843045 1.771972
 0.002478 0.770104 0.006171 0.727958 0.090360 0.084213 0.016770 0.052113 0.103289 0.096665 0.088076 0.016401 0.013654 0.052344 0.332180 0.548858 0.468166 1.352872 0.817578 6.590865 6.092180 9.351730 4.362457 9.405121 6.139273 0.133841 1.984844 0.312042 4.449619
 0.002657 0.520900 0.006274 0.631260 0.105557 0.044011 0.053360 0.030743 0.094523 0.017716 0.107293 0.009422 0.018774 0.058277 0.606228 0.895225 0.930623 0.538754 1.306886 2.465813 2.366159 3.271453 2.021626 10.391142 7.419377 1.974152 6.878512 0.242699 3.740830
 0.002005 0.672042 0.005198 0.729045 0.069002 0.058399 0.017151 0.097103 0.094904 0.035816 0.070061 0.098058 0.021505 0.001745 0.855363 0.879239 0.725087 1.298997 0.904291 2.027958 1.985398 1.255709 1.347751 9.973979 2.089965 2.241834 4.140796 8.113080 3.071419
 0.002360 0.663945 0.005573 0.785543 0.009036 0.016504 0.047262 0.098227 0.090331 0.069322 0.006806 0.040829 0.030380 0.078516 0.319723 1.214948 0.673702 0.209516 1.059135 3.825467 0.815917 4.428028 1.170415 8.267405 6.478893 4.751349 8.521142 2.496332 0.551280
 0.001861 0.658547 0.005294 0.685585 0.072699 0.059669 0.051454 0.106101 0.028967 0.057383 0.082471 0.030709 0.094895 0.024776 0.510727 0.959170 0.896367 1.257093 1.715675 1.382699 3.127682 8.889100 0.567474 10.201522 1.384602 8.097370 2.395502 3.501799 9.883668
 0.002727 0.657647 0.006569 0.792062 0.032858 0.000423 0.030110 0.087355 0.083470 0.026958 0.046840 0.027219 0.008534 0.021636 0.979931 0.650104 0.576644 0.586644 0.470727 0.875709 6.554533 1.487024 4.823529 5.991972 1.645848 8.298131 8.760692 3.363114 0.748166
 0.002695 0.521799 0.006529 0.765986 0.034090 0.014811 0.095285 0.067859 0.109769 0.111300 0.098485 0.094220 0.056664 0.018495 0.170242 0.969827 0.194118 0.478893 1.387405 4.424637 7.805606 3.833218 6.277682 1.668651 5.590657 6.725502 8.178927 7.315640 9.135502
 0.002523 0.638754 0.006593 0.800754 0.011911 0.103680 0.046499 0.058861 0.013340 0.083186 0.035230 0.020240 0.049496 0.017099 0.747405 0.042630 1.570069 0.862007 1.040554 3.618062 1.550242 6.873356 4.291522 3.792388 5.303287 2.676817 0.000000 5.478062 7.402907
 0.002037 0.660346 0.005357 0.811619 0.102271 0.119761 0.063270 0.036742 0.037733 0.041208 0.085274 0.079912 0.078852 0.052693 0.070588 1.417439 0.907785 1.376817 1.213979 0.806574 6.880900 0.627855 2.518166 2.047889 6.531142 5.152872 7.391834 4.992664 8.387336
 0.002049 0.524498 0.006848 0.779024 0.073931 0.090138 0.060602 0.072733 0.028586 0.011939 0.019617 0.083751 0.015361 0.042573 0.793080 1.135017 0.542388 0.610588 1.065329 0.391765 5.249066 2.478374 0.602941 0.227543 3.735813 1.238028 9.684671 4.229896 6.654740
 0.001890 0.543391 0.006187 0.687758 0.087896 0.013965 0.084232 0.034492 0.038114 0.104368 0.112097 0.056532 0.006486 0.002443 0.971626 0.117232 1.535813 1.658166 0.396401 5.576886 7.778408 6.476817 1.134948 2.123737 0.444118 8.197751 4.756782 2.253633 6.497232
 0.002033 0.630657 0.006561 0.692104 0.088717 0.075750 0.098716 0.055862 0.102527 0.109374 0.096083 0.025823 0.051202 0.013958 0.668512 0.889896 0.570934 0.676436 0.278720 4.839446 2.393356 6.675087 2.234429 5.764429 0.992734 7.896609 7.631384 2.912388 6.733495
 0.002101 0.730519 0.005469 0.882242 0.039019 0.088869 0.052979 0.002624 0.109388 0.025033 0.078067 0.008375 0.050178 0.054438 0.984083 0.927197 1.575779 0.670450 0.229170 6.060830 3.290865 8.426471 5.923010 0.758478 2.455709 3.613702 3.935467 0.416055 4.134602
 0.002516 0.606367 0.005182 0.754035 0.002875 0.020313 0.044594 0.079107 0.043069 0.107064 0.002802 0.084798 0.021164 0.074678 0.502422 0.298408 0.747924 0.784187 1.170623 5.830381 4.242768 6.708131 0.177336 6.598754 5.042042 1.639550 2.669273 2.392318 10.434948
 0.001954 0.645952 0.006418 0.708401 0.012322 0.023698 0.044212 0.035992 0.056028 0.045444 0.113698 0.059672 0.057347 0.035943 0.107958 1.252249 0.844983 0.011972 0.043356 5.392526 1.740623 5.121972 5.178201 4.854256 1.959343 9.435779 1.574187 4.056540 6.142837
 0.002110 0.717924 0.005947 0.839869 0.092413 0.040626 0.059458 0.003749 0.087663 0.001926 0.007607 0.017448 0.066222 0.007677 0.817993 1.358824 0.028547 1.454637 0.706090 3.180208 5.031488 2.709689 5.461938 4.968028 6.557266 5.688235 5.988754 1.664221 7.284775
 0.002139 0.711626 0.006083 0.709488 0.036965 0.038933 0.104814 0.107975 0.025155 0.086267 0.045639 0.060021 0.019457 0.087589 0.253287 1.502699 1.638581 1.574360 0.984810 6.636955 5.928997 6.245502 4.433391 7.508927 5.851903 1.840311 9.718893 5.235363 9.174879
 0.002302 0.677439 0.005907 0.827917 0.066538 0.091408 0.077753 0.077607 0.052216 0.073558 0.022419 0.097360 0.003413 0.053042 0.597924 1.492042 0.924913 1.544429 0.606990 1.267474 7.207266 9.285640 2.837370 3.375225 5.747405 3.044879 0.376436 6.622215 4.804014
 0.002104 0.648651 0.006872 0.721439 0.030804 0.106219 0.001525 0.084730 0.008766 0.043134 0.087275 0.005234 0.083972 0.082006 0.435986 0.165190 0.599481 1.646194 0.786609 5.853426 1.251073 0.231315 7.944637 3.640692 7.523875 8.063910 1.676851 5.790104 4.843391
 0.002008 0.683737 0.006577 0.875723 0.024644 0.005925 0.041544 0.071608 0.038495 0.068552 0.061653 0.022683 0.035500 0.015703 0.577163 1.406782 0.513841 1.263080 1.529862 1.244429 5.303460 8.162111 8.263841 7.319308 6.191522 1.907232 9.102907 7.662353 1.299446
 0.002545 0.553287 0.006099 0.842042 0.110485 0.072788 0.057552 0.005249 0.019057 0.047370 0.042437 0.080610 0.074073 0.047808 0.959170 0.095917 1.147578 1.712042 0.749446 5.115986 3.481246 1.288754 3.014706 1.327336 6.400519 6.223599 4.996332 6.899585 4.685882
 0.002152 0.616263 0.005923 0.925702 0.000000 0.041895 0.086900 0.088854 0.095667 0.005392 0.090078 0.078516 0.058029 0.032453 0.523183 0.452941 0.525260 1.490554 0.798997 3.111073 2.882907 3.932353 3.369377 4.550865 5.669031 7.361246 1.882180 5.443391 2.598893
 0.002196 0.765606 0.005246 0.874637 0.052984 0.081674 0.091474 0.059986 0.106339 0.050836 0.074865 0.022334 0.086703 0.090032 0.274048 0.207820 0.519550 0.077820 1.672318 2.143183 4.705121 3.205363 6.845156 7.622699 6.374394 8.632734 3.011488 2.184291 9.647405
 0.001957 0.742215 0.006434 0.699709 0.110896 0.064747 0.006479 0.064860 0.107482 0.047755 0.102889 0.098407 0.059395 0.034198 0.967474 0.596817 0.873529 1.406747 0.012388 3.456747 7.696817 7.996886 6.809689 3.906159 4.362803 4.416747 4.175017 8.459792 7.914810
 0.002491 0.572180 0.006362 0.793149 0.075163 0.118068 0.023250 0.033367 0.010291 0.067396 0.104490 0.018495 0.018433 0.093871 0.975779 0.937855 0.114187 1.460623 0.811384 3.687197 6.309758 5.518512 7.660900 2.161661 3.631315 6.524740 1.916401 7.558339 3.268304
 0.002471 0.741315 0.006322 0.884415 0.002464 0.121877 0.039258 0.010498 0.080421 0.030039 0.063655 0.037339 0.038231 0.096313 0.755709 0.506228 1.113322 1.604291 0.737059 6.660000 3.426851 8.327336 2.305363 9.367197 4.519550 2.877578 5.304325 9.915986 0.472526
 0.002235 0.637855 0.005453 0.681239 0.073520 0.099871 0.094904 0.024369 0.035065 0.110145 0.046440 0.011167 0.075438 0.029662 0.780623 0.948512 0.359689 0.550727 1.790000 2.212318 5.412249 2.808824 7.093426 2.920138 2.011592 7.595467 8.384256 0.866782 3.701453
 0.002187 0.704429 0.005852 0.818138 0.034912 0.027084 0.101003 0.015371 0.088806 0.054687 0.094882 0.075376 0.031746 0.049204 0.506574 1.332180 0.491003 1.412734 0.972422 0.184360 6.255363 3.701038 0.070934 6.219516 0.835986 5.855536 9.787336 3.675156 8.623599
 0.002606 0.650450 0.006242 0.772505 0.053394 0.041472 0.075085 0.008998 0.019819 0.092044 0.070461 0.048855 0.089434 0.068048 0.460900 1.460069 1.216090 0.652491 0.724671 5.646021 1.060692 3.899308 2.163495 4.171626 5.277163 8.666194 6.673183 2.010934 1.850727
 0.002452 0.590173 0.004839 0.639952 0.029572 0.076596 0.013721 0.092604 0.081946 0.008473 0.052846 0.069094 0.053933 0.036641 1.137716 0.708720 0.867820 1.550415 1.356436 5.899516 2.937301 1.652249 3.688581 6.560830 2.821453 1.171107 9.410900 0.936125 9.017370
 0.002702 0.743114 0.006513 0.852907 0.089538 0.077019 0.007242 0.021370 0.054122 0.058153 0.072863 0.061766 0.047106 0.011167 0.714187 0.436955 0.508131 1.622249 1.461730 0.852664 7.125675 4.130623 9.434256 9.898131 2.690830 0.368062 5.270104 3.189758 9.411142
 0.002011 0.778201 0.005286 0.711661 0.015608 0.085483 0.085376 0.076107 0.099097 0.035431 0.105691 0.077121 0.040279 0.020240 0.029066 1.364152 0.433910 0.395087 0.099100 3.779377 6.826505 3.403633 5.213668 7.698547 2.952076 7.762768 6.022976 0.069343 11.340623
 0.002718 0.733218 0.005501 0.733391 0.010679 0.040202 0.014483 0.103101 0.023631 0.082801 0.080470 0.002094 0.049837 0.091777 0.764014 1.039100 1.370242 1.694083 0.842353 4.701176 5.738616 8.062976 7.164360 8.191557 1.071107 7.930069 0.547543 6.483529 7.009135
 0.002363 0.614464 0.004999 0.885502 0.071466 0.063054 0.109769 0.070859 0.066700 0.005007 0.074464 0.010818 0.071342 0.033849 0.037370 0.426298 1.004844 0.239446 1.015779 3.733287 5.167474 1.784429 2.624567 6.902145 4.545675 0.468443 6.194083 5.963460 10.277439
 0.001899 0.573979 0.006768 0.840955 0.026697 0.052052 0.015246 0.081731 0.007623 0.061619 0.005605 0.020938 0.094554 0.043969 0.498270 0.522215 1.347405 0.227474 0.755640 6.452595 6.228166 4.560208 7.448097 5.840277 3.108824 8.532353 1.608408 5.131349 3.032042
 0.002251 0.656747 0.005708 0.919183 0.025876 0.119338 0.076610 0.074233 0.061745 0.021952 0.024821 0.073980 0.017067 0.054089 1.038062 0.357024 0.097059 1.700069 0.253945 0.069135 6.010588 5.353287 4.149654 4.209550 7.471626 2.208374 5.851869 1.282837 9.489896
 0.002286 0.628858 0.005716 0.843128 0.113361 0.116375 0.020201 0.084356 0.086519 0.002696 0.002402 0.068048 0.087044 0.085496 0.344637 0.586159 1.318858 1.538443 1.381211 5.945606 5.765813 9.120415 9.044118 2.616747 2.351211 1.371869 6.467855 8.321107 0.393772
 0.001973 0.681938 0.004847 0.747516 0.112128 0.112567 0.014102 0.041990 0.049167 0.091659 0.096483 0.034547 0.007510 0.073282 0.772318 0.868581 0.782180 0.628547 0.359239 5.484706 2.447751 7.468166 2.979239 0.341315 6.870761 0.167301 4.106574 3.293772 11.380000
 0.002046 0.547889 0.005262 0.657336 0.000821 0.051628 0.028967 0.108350 0.064413 0.093970 0.047241 0.023031 0.007168 0.058975 1.013149 0.921869 0.251211 1.209204 1.505087 1.981869 1.604637 0.363495 3.794983 3.071834 0.208997 1.873772 4.038131 0.693426 6.812249
 0.002487 0.568581 0.006234 0.782284 0.027519 0.073211 0.071655 0.071234 0.060220 0.072018 0.010009 0.100850 0.079193 0.030011 0.751557 1.188304 1.518685 0.179585 0.371626 3.595017 5.874602 5.617647 9.540657 2.351280 4.806920 1.405329 3.319481 4.853979 0.630035
 0.002024 0.622561 0.005429 0.758381 0.075574 0.005501 0.025537 0.097852 0.043831 0.088963 0.060052 0.003490 0.039938 0.096662 0.153633 0.325052 1.501557 1.466609 0.761834 3.894602 7.370450 3.800173 8.015571 10.808304 6.818512 4.818270 1.847958 5.408720 4.488997
 0.002510 0.537993 0.005230 0.775765 0.082556 0.033855 0.106720 0.004499 0.038876 0.073943 0.014412 0.060370 0.038572 0.033151 0.647751 1.321522 0.662284 1.131384 0.111488 0.437855 2.746920 6.113322 6.171280 5.195571 4.676298 1.304948 0.205329 1.594879 5.394671
 0.002181 0.693633 0.005007 0.838782 0.077217 0.011849 0.003430 0.105351 0.055266 0.013094 0.026423 0.036292 0.075097 0.066652 0.220069 0.511557 1.324567 0.383114 0.656540 0.414810 4.161176 3.767128 1.525087 10.239446 1.149481 8.231211 1.334637 6.656886 3.937716
 0.002587 0.536194 0.004680 0.726872 0.086253 0.008464 0.027823 0.058112 0.054503 0.079335 0.016414 0.034896 0.068270 0.050599 0.514879 0.447612 0.942042 0.790173 0.061938 4.816401 2.719723 3.502768 7.483564 5.385190 1.436851 7.562007 1.711073 8.667820 2.717024
 0.002644 0.595571 0.005796 0.940913 0.008215 0.027507 0.105957 0.026619 0.004193 0.099746 0.010409 0.087938 0.010923 0.088985 0.128720 0.170519 0.228374 0.754256 1.232561 2.442768 4.759516 1.685294 3.333910 3.299377 7.158131 6.022837 7.049619 5.894118 9.568651
 0.002206 0.607266 0.006035 0.832263 0.103503 0.047397 0.052598 0.043490 0.098335 0.110915 0.063255 0.080959 0.079876 0.050948 0.228374 1.428097 0.913495 1.688097 0.563633 6.129965 7.479239 6.972491 1.312284 5.233495 6.113149 2.977958 7.254948 5.547405 7.678547
 0.001960 0.561384 0.005477 0.738824 0.055859 0.005078 0.078134 0.027744 0.000762 0.009628 0.034029 0.064209 0.063491 0.038735 0.053979 0.516886 0.793599 1.227163 1.412180 1.682284 4.732318 9.417820 9.292388 3.109758 3.030450 1.338408 6.296747 4.715294 0.236263
 0.002238 0.591972 0.006466 0.673633 0.046412 0.100718 0.022487 0.013122 0.036971 0.044674 0.092080 0.082006 0.051544 0.084798 0.161938 0.239792 1.375952 1.149343 1.684706 2.811488 7.152872 0.793080 9.327855 0.303391 2.978201 6.257059 1.745294 1.976263 3.228927
 0.002459 0.528997 0.005684 0.893107 0.046823 0.008040 0.098335 0.070484 0.033159 0.041978 0.028024 0.072584 0.072025 0.019542 0.759862 1.342837 0.770761 0.000000 0.086713 4.862491 3.263668 3.238408 9.469723 9.063806 4.388927 9.034256 7.220727 8.806505 3.465190
 0.002353 0.629758 0.005126 0.809446 0.047644 0.049089 0.019057 0.005999 0.094142 0.051221 0.112898 0.013261 0.016385 0.072584 0.568858 0.191834 1.444464 1.382803 1.746644 1.935779 3.182076 6.278547 7.909170 4.285398 7.497751 4.282907 7.905156 7.801038 3.307682
 0.002529 0.753910 0.005780 0.737737 0.041894 0.026237 0.057171 0.044240 0.091093 0.084342 0.018016 0.091079 0.058371 0.020938 0.710035 0.793979 1.644291 1.101453 1.220173 5.922561 0.217578 2.015744 10.179066 4.892180 7.001384 0.301142 6.741626 9.673287 4.725260
 0.002228 0.522699 0.005884 0.936567 0.004929 0.011426 0.103671 0.098602 0.080040 0.038512 0.016014 0.009073 0.068953 0.090381 0.726644 1.294879 0.279758 1.586332 1.133460 3.848512 0.271972 7.963841 5.958478 6.371211 5.982526 6.959723 3.182595 7.211626 9.923045
 0.001906 0.549689 0.005214 0.633433 0.095289 0.035124 0.092236 0.080231 0.072036 0.004236 0.032428 0.054438 0.096602 0.077819 0.294810 0.245121 1.267474 0.245433 1.604187 2.166228 4.895502 8.558651 4.965398 9.708512 3.422318 8.498893 6.228304 9.499931 1.181315
 0.002424 0.726920 0.004616 0.824657 0.065716 0.078712 0.037733 0.016496 0.034303 0.049296 0.091679 0.033151 0.003755 0.045714 0.415225 1.374810 0.776471 0.879965 1.752837 4.747266 3.154879 4.229758 3.724048 8.570796 4.023183 1.003806 8.042042 7.419654 8.702353
 0.002465 0.540692 0.005206 0.863772 0.115825 0.115529 0.049167 0.091104 0.077753 0.060464 0.011610 0.064558 0.067929 0.094918 0.265744 0.730035 0.371107 0.167612 0.334464 5.784291 4.025190 3.965398 1.418685 5.081799 1.410727 4.316367 9.479343 8.494464 10.868097
 0.001969 0.555986 0.004656 0.844215 0.031215 0.008887 0.089568 0.045739 0.060983 0.076639 0.041636 0.040131 0.061443 0.071537 1.108651 0.069273 0.987716 1.113426 1.121073 5.277301 3.997993 0.132180 9.008651 5.461038 2.142215 0.000000 2.053287 5.998131 0.275640
 0.002056 0.744913 0.004752 0.630173 0.076806 0.046550 0.050692 0.011247 0.032778 0.015020 0.027224 0.063162 0.082607 0.099105 0.352941 0.218478 1.587197 1.197232 1.077716 2.673218 1.087889 6.344637 5.603806 10.049827 4.415052 5.320173 2.977266 1.040138 6.851626
 0.002628 0.542491 0.005485 0.756208 0.067359 0.087176 0.075466 0.003374 0.092999 0.040823 0.082071 0.100501 0.064856 0.061068 0.494118 1.284221 0.822145 1.275052 0.699896 0.553080 7.044083 6.939446 6.206747 7.774394 6.923010 4.584048 7.734048 9.950657 6.221592
 0.002088 0.719723 0.004855 0.933308 0.085842 0.066440 0.009147 0.095978 0.035827 0.086652 0.073263 0.024078 0.046424 0.038037 0.938408 1.161661 1.136159 0.778201 0.315882 0.115225 2.066990 1.817474 7.199827 1.934118 3.944810 1.104187 2.566609 7.766367 8.308581
 0.002280 0.582076 0.006147 0.763813 0.048055 0.048243 0.080421 0.045365 0.033922 0.100902 0.019217 0.080261 0.093188 0.064907 1.075433 0.271765 0.205536 0.353183 1.653737 2.304498 2.338962 0.297405 0.461073 3.261453 2.586332 0.970346 9.205571 1.352180 5.434048
 0.002273 0.728720 0.005828 0.909405 0.112539 0.033008 0.045356 0.103851 0.057171 0.003466 0.034830 0.088636 0.011947 0.002792 0.776471 0.751349 0.353979 0.287336 0.210588 1.705329 1.659031 1.024394 7.306228 1.858270 3.056574 3.011419 8.863356 3.328443 6.969758
 0.002443 0.757509 0.005166 0.814879 0.089128 0.030892 0.097572 0.008248 0.034684 0.052762 0.109294 0.049553 0.039255 0.084100 0.531488 0.804637 1.141869 1.245121 1.164429 2.327543 7.832803 0.892215 7.838235 2.958062 3.187197 7.327785 6.570519 5.062007 1.102561
 0.002484 0.726021 0.006011 0.773592 0.042305 0.019466 0.076228 0.046114 0.014865 0.084727 0.100887 0.026870 0.076121 0.098058 0.095502 0.857924 1.244637 0.730311 1.777612 3.479792 5.657024 2.841869 2.411765 2.882215 0.078374 6.424360 0.273772 4.784637 8.899239
 0.002136 0.579377 0.006194 0.642125 0.102682 0.057130 0.000762 0.096728 0.002287 0.103983 0.081671 0.039433 0.055640 0.019193 0.361246 1.225606 1.273183 0.945813 0.365433 5.023806 7.452042 3.073183 6.667820 9.443045 1.933218 6.323979 0.958201 3.259100 0.354394
 0.001995 0.773702 0.006043 0.872464 0.040251 0.093100 0.069368 0.078357 0.042307 0.095125 0.022019 0.046761 0.022188 0.028615 0.535640 0.186505 0.256920 0.820104 1.244948 6.199100 2.121384 7.666436 8.086505 2.995986 0.731488 8.331592 8.350035 3.883183 3.425813
 0.001985 0.667543 0.006864 0.835522 0.087485 0.034278 0.110150 0.082106 0.014102 0.020026 0.028425 0.035245 0.069294 0.051995 0.880277 0.047958 0.296886 1.143356 0.637958 1.567059 2.692526 0.528720 5.745675 10.618685 5.512284 0.501903 5.783426 4.403253 8.269204
 0.002481 0.551488 0.005222 0.731218 0.017251 0.104949 0.099859 0.061111 0.027823 0.036587 0.018816 0.086892 0.098309 0.004537 0.909343 0.532872 1.227509 1.640208 1.158235 0.276540 4.677924 2.147924 6.703287 3.754464 6.635640 3.647163 6.057197 8.702491 1.417578
 0.002427 0.721522 0.005437 0.796408 0.016840 0.011003 0.015627 0.044990 0.102146 0.065085 0.044038 0.002792 0.092506 0.061417 0.656055 0.559516 0.079931 1.598304 1.622768 1.175294 5.085882 3.634948 3.192042 4.740484 6.609516 4.550588 5.817647 9.395917 4.528374
 0.002040 0.775502 0.005397 0.762727 0.000411 0.009310 0.082708 0.014622 0.076610 0.015405 0.098885 0.079214 0.002389 0.007328 1.200000 1.145675 0.810727 0.748270 1.251142 6.544775 5.466644 2.775779 10.214533 4.512941 0.783737 9.168097 1.950623 6.587543 6.300346
 0.001874 0.753010 0.006832 0.825744 0.105967 0.090984 0.090331 0.075733 0.099478 0.085882 0.038433 0.085496 0.037890 0.018844 0.888581 0.229135 1.107612 0.107751 0.303495 2.581038 0.924706 6.080277 0.248270 1.441107 6.348270 1.539170 3.285260 7.523668 6.064083
 0.002366 0.739516 0.005844 0.739910 0.063252 0.099025 0.070130 0.023620 0.075466 0.038127 0.108494 0.073631 0.091482 0.054787 0.643599 0.090588 0.633737 1.502526 0.458339 6.383460 4.786713 6.741176 9.859862 7.243460 2.612457 8.800035 5.030554 0.381384 3.622699
 0.002539 0.746713 0.005668 0.890934 0.070645 0.098602 0.012197 0.046864 0.009529 0.016175 0.077267 0.076423 0.073390 0.045016 0.552249 1.246920 1.119031 0.766228 0.792803 1.843599 2.420554 6.807266 4.894464 4.019931 7.053633 0.535363 2.600830 1.421522 0.826920
 0.002740 0.602768 0.005764 0.870291 0.075984 0.116799 0.108244 0.059236 0.036590 0.063545 0.015213 0.086194 0.045399 0.042224 0.203460 0.666090 1.313149 0.466920 1.189204 5.991696 0.462353 4.791522 6.455017 3.716540 1.280104 7.662388 4.003910 5.686090 6.615363
 0.002260 0.555087 0.005756 0.661682 0.047234 0.018620 0.072417 0.040866 0.067462 0.110530 0.007206 0.074678 0.017409 0.063511 0.116263 1.236263 1.552941 1.556401 1.034360 1.198339 6.908097 2.214014 3.830450 8.115709 7.341003 4.952111 2.806159 3.987197 10.316817
 0.001979 0.605467 0.004815 0.671460 0.068591 0.052475 0.065938 0.013872 0.046499 0.021182 0.101688 0.044667 0.092164 0.038386 1.079585 1.124360 0.325433 1.035606 0.445952 6.153010 1.767820 9.021280 6.525952 0.606782 1.227855 5.186332 3.969689 3.779170 7.087889
 0.002318 0.529896 0.006808 0.898540 0.038198 0.118915 0.043831 0.027369 0.020201 0.066241 0.081270 0.089683 0.020481 0.069792 1.175087 1.316194 0.833564 0.951799 1.455536 5.300346 0.707128 5.155017 2.730969 3.223529 4.284429 9.402318 4.277682 4.264567 8.229827
 0.002392 0.744014 0.005150 0.857253 0.026287 0.006771 0.082327 0.032617 0.069749 0.097436 0.056449 0.079563 0.026284 0.079563 1.150173 0.815294 0.051384 0.299308 0.805190 3.295433 2.474948 5.882007 6.313149 6.029896 7.314879 5.353633 9.274014 8.286436 11.301246
 0.002593 0.603668 0.005812 0.924616 0.086663 0.025391 0.042307 0.083606 0.070511 0.079720 0.088476 0.001047 0.040962 0.090730 0.851211 0.570173 0.953460 0.616574 1.443149 4.655087 1.876609 7.501211 3.156574 9.822284 1.985467 6.758962 0.684429 1.837578 3.386436
 0.002756 0.559585 0.006776 0.830090 0.115003 0.050782 0.036208 0.019121 0.085757 0.020797 0.030026 0.019542 0.088410 0.069094 0.323875 0.762007 0.039965 1.287024 0.241557 6.567820 7.506436 5.650692 7.731834 8.646644 6.792388 6.558201 4.859446 7.905052 3.583322
 0.002184 0.575779 0.006880 0.677979 0.059145 0.046973 0.003049 0.077982 0.078515 0.007317 0.086875 0.031756 0.070318 0.080610 0.448443 0.031972 1.050519 0.891938 0.148651 0.506990 5.548235 0.033045 1.844291 7.964014 0.496367 4.885190 6.399412 7.454325 4.016471
 0.002149 0.608166 0.004640 0.723612 0.038608 0.105373 0.059839 0.041615 0.078896 0.070862 0.020818 0.028266 0.028673 0.040480 1.029758 1.497370 0.999135 1.580346 1.083910 6.176055 5.439446 4.196713 3.475779 9.594740 5.015917 3.446401 2.771938 6.032803 0.315017
 0.002603 0.761107 0.006258 0.686671 0.027929 0.002539 0.084613 0.039741 0.059458 0.040438 0.114899 0.085147 0.084313 0.001396 0.207612 0.287751 1.164706 0.269377 0.024775 4.378547 3.399654 3.568858 1.276817 9.329273 2.194464 0.568824 7.528720 1.629550 2.441384
 0.002414 0.703529 0.006792 0.660595 0.029162 0.065593 0.096810 0.061861 0.086900 0.046600 0.061253 0.063511 0.014678 0.025125 0.660208 0.580830 0.690830 0.407059 0.953841 4.793356 6.282561 9.516955 7.412630 6.181592 6.008651 6.056298 8.692249 0.520069 10.671211
 0.002599 0.653149 0.006123 0.805100 0.101860 0.028353 0.036590 0.072358 0.095285 0.030425 0.043638 0.013610 0.074756 0.047110 1.054671 1.433426 1.415917 0.275363 1.344048 4.240277 2.311765 9.153460 7.519031 10.466990 6.896886 1.070727 4.243460 5.166021 7.442284
 0.002622 0.690934 0.006761 0.629087 0.094467 0.117222 0.049930 0.014247 0.042688 0.032350 0.016815 0.057579 0.024919 0.027219 0.593772 1.220277 0.679412 0.017958 1.721869 2.189273 0.326367 8.129066 0.035467 0.379239 4.571799 3.178720 9.376678 9.742630 5.945952
 0.001912 0.678339 0.006896 0.786630 0.082967 0.003385 0.087281 0.062611 0.089187 0.035046 0.067658 0.083053 0.037548 0.062115 0.934256 1.390796 1.187543 0.844048 1.616574 2.120138 2.964498 7.302941 9.682526 1.706574 6.269896 6.357439 9.855779 7.384983 8.466090
 0.001922 0.686436 0.005389 0.674720 0.014375 0.036817 0.101765 0.068609 0.108625 0.059694 0.050043 0.003839 0.095578 0.010120 0.469204 1.076401 0.667993 1.496540 1.579412 0.668304 1.523045 4.361938 5.568339 5.005952 4.728547 1.773391 1.813737 1.178824 2.165744
 0.001915 0.654048 0.006609 0.707315 0.099396 0.029200 0.040782 0.101976 0.000000 0.014249 0.031627 0.090032 0.053592 0.013610 0.693426 1.257578 0.559516 0.293322 0.774221 2.926713 1.577439 1.453979 0.532007 7.053841 3.892561 6.491280 1.197751 6.275502 10.592457
 0.002283 0.755709 0.006282 0.808360 0.028340 0.106642 0.045737 0.041240 0.090712 0.060849 0.033629 0.069443 0.035159 0.048157 0.539792 0.404983 1.084775 0.814118 1.003391 0.253495 6.119377 1.090484 5.284602 0.986021 3.657439 0.267682 9.034464 7.107612 10.474325
 0.001877 0.635156 0.006840 0.926789 0.094878 0.053744 0.000381 0.001500 0.075847 0.048525 0.085674 0.072235 0.064174 0.073631 0.373702 0.863253 0.314014 1.155329 0.780415 3.940692 5.493841 3.601903 0.212803 2.502976 3.265571 3.948304 0.821315 9.291903 3.110796
 0.002535 0.769204 0.006354 0.717093 0.074342 0.077443 0.026299 0.094478 0.008004 0.065471 0.006406 0.066652 0.027649 0.074329 1.112803 0.575502 1.398789 1.029619 1.028166 1.106159 0.516747 8.988235 7.270761 7.015917 5.878028 2.911038 8.418478 7.246298 2.913910
 0.002398 0.664844 0.006497 0.781197 0.111718 0.057976 0.010291 0.020620 0.096810 0.028499 0.021619 0.034198 0.054616 0.067699 1.033910 0.463599 0.142734 0.065848 0.898097 2.097093 2.502145 4.262803 5.887543 0.075848 4.833045 6.591661 2.087509 2.669689 6.930381
 0.002014 0.758408 0.006737 0.864858 0.090771 0.039779 0.035827 0.093728 0.006098 0.051991 0.064055 0.012214 0.016726 0.084449 0.112111 0.143875 0.393945 1.077509 1.102491 3.664152 6.962491 5.055882 4.858997 8.798339 2.325087 0.602284 6.946955 8.910519 4.410242
 0.002219 0.698131 0.005804 0.823571 0.001643 0.052898 0.019438 0.056237 0.035446 0.000000 0.076466 0.099105 0.080217 0.006281 0.564706 0.975156 0.342561 0.472907 0.322076 0.345675 7.751211 8.525606 3.617647 10.011903 3.396194 5.219792 6.159862 4.125882 0.945052
 0.001870 0.682837 0.005054 0.813792 0.061609 0.101564 0.086519 0.034117 0.075085 0.025803 0.045239 0.049902 0.044717 0.051646 0.240830 0.277093 0.536678 0.568685 1.319273 1.797509 2.175779 7.897751 1.560554 8.494948 0.966609 4.149066 8.555363 0.762768 10.513702
 0.002126 0.520000 0.006059 0.716007 0.116646 0.003809 0.088044 0.080606 0.078134 0.075484 0.076066 0.035594 0.054275 0.079912 1.179239 0.985813 0.890657 0.041903 0.730865 5.046851 6.336955 4.857612 7.767301 8.684567 2.220588 5.721696 6.604740 5.720761 1.535709
 0.001998 0.601869 0.006729 0.712747 0.103914 0.001270 0.057934 0.078732 0.079278 0.048140 0.039634 0.074329 0.071683 0.043620 0.826298 1.385467 0.639446 1.065536 0.260138 5.622976 0.489550 9.318685 1.702422 0.910173 4.127682 0.066920 9.753114 3.397785 8.190450
 0.002567 0.734118 0.006824 0.907232 0.108432 0.071941 0.048405 0.056612 0.068606 0.010013 0.093281 0.002443 0.026967 0.021287 0.847059 0.916540 1.284602 0.700381 0.408789 4.286367 7.098478 1.619204 5.107266 6.750450 7.105882 5.922457 2.498166 8.598478 0.196886
 0.002158 0.674740 0.006051 0.901799 0.022590 0.113413 0.061364 0.057362 0.097191 0.023107 0.065256 0.076772 0.044034 0.097360 0.485813 1.092388 0.902076 0.401073 1.424567 2.788443 6.772111 8.955190 7.022491 6.143668 0.757612 9.335398 3.867024 2.808374 0.905675
 0.002334 0.695433 0.005628 0.750775 0.050930 0.062631 0.105195 0.021745 0.097953 0.096280 0.067258 0.010469 0.072707 0.006630 0.033218 0.484913 1.598616 1.610277 0.266332 0.829619 6.418547 8.492561 3.511246 0.834325 1.097232 5.052491 2.874602 7.280969 4.292111
 0.002507 0.571280 0.005413 0.742083 0.108843 0.085906 0.067843 0.094853 0.101003 0.033120 0.058851 0.089334 0.003072 0.079214 0.178547 1.007128 1.039100 1.592318 0.941453 5.761246 5.521038 4.725433 7.377163 7.736471 4.885294 1.438789 7.083841 2.565675 5.591557
 0.002631 0.600069 0.004704 0.821398 0.054216 0.105796 0.008766 0.020995 0.060602 0.094740 0.017615 0.095965 0.041303 0.004188 0.863668 0.293080 0.462457 0.706367 1.492699 0.599170 2.855709 2.874913 9.576125 4.095779 2.037716 6.190138 0.068443 9.430588 5.119031
 0.001854 0.581176 0.005995 0.917010 0.008625 0.075327 0.040020 0.034867 0.024393 0.058538 0.105291 0.009771 0.077486 0.039433 0.489965 1.119031 0.593772 0.119723 1.418374 2.949758 4.487543 5.815917 0.283737 7.357232 2.481834 8.030450 5.954533 9.361246 4.095225
 0.002081 0.720623 0.004879 0.702969 0.019715 0.043165 0.083470 0.092229 0.087281 0.024263 0.043237 0.068746 0.057005 0.059324 0.423529 0.122561 0.382526 0.359170 0.966228 1.013979 4.297163 6.509862 8.441176 3.602768 4.101557 5.085952 8.007820 4.472595 1.968858
 0.002686 0.735917 0.004967 0.760554 0.087074 0.068979 0.102527 0.091479 0.088425 0.005777 0.026823 0.082355 0.093530 0.026521 0.676817 0.618131 0.736505 0.095779 1.269723 0.230450 6.472941 0.726990 1.773356 6.674602 0.626990 5.454014 9.513564 9.187889 10.986228
 0.002328 0.563183 0.006641 0.638865 0.016429 0.093947 0.060983 0.076482 0.098716 0.016560 0.068459 0.099454 0.045741 0.068746 0.091349 0.175848 0.616609 0.975744 0.483114 3.917647 1.822215 4.758478 7.554498 1.972042 7.550000 3.078339 2.532388 3.917855 8.820484
 0.002682 0.550588 0.005820 0.722526 0.111307 0.096063 0.027442 0.004874 0.005717 0.067781 0.033229 0.045016 0.042327 0.069443 0.049827 0.330381 0.045675 1.472595 1.536055 6.106920 3.862007 2.643599 5.532872 2.427128 7.288754 1.940692 0.479100 3.640484 0.866298
 0.002289 0.676540 0.004991 0.764900 0.096931 0.092254 0.093761 0.106475 0.030491 0.034661 0.053246 0.097011 0.020140 0.024078 0.610381 0.847266 1.061938 0.897924 1.783806 4.562907 0.190381 3.007093 5.036332 2.465052 3.840311 1.271488 9.582007 4.195225 11.104360
 0.002248 0.598270 0.005070 0.845301 0.080502 0.079135 0.074704 0.054737 0.072798 0.027729 0.014012 0.035943 0.089092 0.008724 0.024913 0.138547 0.548097 1.185260 1.375017 2.074048 7.261661 6.443772 3.121107 1.137716 3.605190 9.268478 5.064775 1.074810 5.788443
 0.001976 0.705329 0.005509 0.667114 0.066948 0.029623 0.075847 0.038991 0.019438 0.102442 0.012811 0.061417 0.004096 0.044318 0.195156 0.309066 1.484429 0.520796 0.414983 3.871557 1.441453 8.789965 6.348616 4.816332 5.799654 1.137647 5.235882 6.760900 0.590657
 0.001934 0.587474 0.005644 0.777938 0.039430 0.054167 0.065175 0.016871 0.103671 0.078565 0.017215 0.008026 0.022870 0.023031 0.743253 1.396125 0.485294 0.484879 0.291107 5.231211 3.318062 4.064533 8.192907 9.670588 5.120415 2.141453 7.802491 7.142284 10.119931
 0.002299 0.759308 0.006338 0.656249 0.006161 0.055014 0.056028 0.063735 0.099859 0.105908 0.042036 0.008724 0.031404 0.072933 1.158478 1.524014 1.650000 0.419031 1.195398 3.157163 5.058685 2.445329 2.092561 6.333287 6.766263 3.747543 2.840381 2.218962 2.953287
 0.002072 0.651349 0.006163 0.705142 0.100628 0.103257 0.038114 0.071983 0.083089 0.066626 0.008808 0.057230 0.010582 0.034547 1.071280 0.106574 1.610035 1.400761 0.687509 4.309412 4.922699 5.287197 8.724913 7.433080 2.847578 0.033460 8.931799 0.034671 10.238062
 0.002315 0.665744 0.004783 0.698623 0.019304 0.074903 0.103289 0.086230 0.030110 0.011169 0.104090 0.055136 0.090799 0.062464 1.096194 1.278893 0.216955 1.634221 0.247751 3.571972 2.801315 5.584602 4.043253 8.532872 4.963668 7.193945 0.171107 1.386851 2.323253
 0.001989 0.645052 0.006003 0.724699 0.022179 0.062208 0.041163 0.006374 0.069368 0.006547 0.066457 0.028964 0.095237 0.028964 1.133564 0.362353 1.473010 1.071522 0.130069 2.350588 2.774118 7.765571 5.426471 10.770381 0.182872 4.215986 0.513322 5.651419 8.662976
 0.002244 0.738616 0.006091 0.869204 0.113771 0.045281 0.089187 0.059611 0.105195 0.043519 0.048442 0.067699 0.098650 0.061766 0.527336 0.676747 0.091349 0.999689 1.350242 1.889689 0.543945 0.330450 1.596021 5.650657 5.433910 5.955917 3.456367 8.875848 9.056747
 0.002705 0.546990 0.005158 0.787716 0.037376 0.120184 0.005336 0.014997 0.025537 0.056998 0.001601 0.050251 0.019116 0.016401 0.697578 0.831280 1.615744 0.191557 1.145848 6.406505 0.407958 1.850519 0.425606 6.447059 6.243772 7.729308 9.171349 6.414187 4.764637
 0.001867 0.716125 0.005636 0.881156 0.064484 0.013542 0.027061 0.029618 0.001143 0.012709 0.025222 0.067350 0.092847 0.045365 1.129412 0.698062 1.547232 0.029931 1.275917 2.419723 4.133979 2.610554 0.886678 6.864221 3.213322 3.379481 3.353702 3.120415 6.575986
 0.002356 0.689135 0.006226 0.696450 0.118289 0.024968 0.034684 0.009373 0.028204 0.108989 0.036832 0.014307 0.002048 0.098407 0.822145 0.740692 1.455882 0.137682 0.582215 4.678131 7.533633 7.170761 10.001730 5.157647 2.116090 5.587855 3.251038 0.554740 1.929481
 0.002062 0.760208 0.005405 0.719266 0.031626 0.019043 0.004193 0.067110 0.082327 0.055843 0.051645 0.067001 0.082265 0.005234 0.087197 0.809965 1.604325 0.323253 1.238754 4.009827 5.820208 1.916609 4.114187 1.744498 0.888235 3.714083 9.068685 2.426990 9.962422
 0.002369 0.718824 0.005381 0.913751 0.009447 0.101987 0.038495 0.100852 0.080802 0.063930 0.110496 0.014656 0.062126 0.081657 0.103806 0.367682 1.381661 0.742284 1.152042 0.092180 7.343253 8.723875 8.547578 10.656609 1.907093 9.636540 1.026644 6.240830 7.993564
 0.002532 0.652249 0.006314 0.770332 0.052573 0.086753 0.028586 0.053988 0.096429 0.013864 0.052045 0.082704 0.012971 0.078865 0.211765 1.401453 0.211246 0.143668 1.405986 4.447682 7.669619 0.859170 1.915225 3.982007 4.232180 8.465433 7.323391 9.153218 9.726159
 0.002241 0.749412 0.004951 0.795322 0.065306 0.035971 0.001143 0.076857 0.059839 0.050066 0.070861 0.076074 0.047789 0.083751 1.025606 1.465398 1.021972 1.203218 1.647543 5.669066 1.713426 6.047232 2.589100 3.413149 1.358478 7.996990 8.829135 9.049204 5.552180
 0.002513 0.625260 0.004791 0.868118 0.011090 0.016927 0.011434 0.058487 0.101384 0.055072 0.060853 0.013958 0.059736 0.035245 0.813841 1.337509 0.805017 0.101765 0.600796 3.756332 3.753218 2.379239 0.780277 6.940069 3.474567 3.312561 5.406990 2.947059 11.183114
 0.002577 0.673841 0.004775 0.888761 0.115414 0.030469 0.070892 0.074608 0.036208 0.106293 0.004003 0.021985 0.085679 0.011865 0.701730 0.127889 0.125606 0.311280 0.105294 5.415571 3.236471 8.029931 7.235294 9.177578 1.750346 0.200761 5.509654 3.224429 4.173979
 0.002558 0.661246 0.004863 0.736651 0.049698 0.117645 0.088425 0.049863 0.048024 0.065856 0.106492 0.031407 0.008875 0.019891 0.199308 0.410311 0.553806 1.730000 0.848547 3.410657 6.445744 4.692388 3.582180 1.213564 5.355536 5.822076 3.216817 9.326574 8.505467
 0.002344 0.731419 0.006290 0.918097 0.040662 0.013119 0.007623 0.015746 0.079659 0.092814 0.058451 0.090730 0.083289 0.062813 0.427682 0.181176 1.421626 0.508824 1.207785 3.341522 1.278270 0.165225 3.546713 4.057855 1.593599 2.743737 4.414567 0.104014 2.795779
 0.001893 0.566782 0.005421 0.655163 0.003286 0.076173 0.062126 0.038616 0.102908 0.032735 0.109695 0.078167 0.085337 0.092824 0.062284 1.305536 0.479585 0.442976 0.675121 1.590104 4.378754 8.591696 7.696367 0.037924 2.873702 4.349827 5.578097 4.507266 9.096125
 0.002759 0.642353 0.005118 0.896367 0.101449 0.032585 0.017533 0.040491 0.068987 0.103212 0.026022 0.081308 0.078169 0.049902 0.020761 0.873910 1.204671 0.389100 0.198201 0.368720 4.813910 2.180969 1.489619 2.389204 0.914360 2.643356 6.844291 6.448858 9.332388
 0.002232 0.539792 0.006107 0.815965 0.077627 0.087599 0.068606 0.087730 0.041163 0.075869 0.110896 0.059324 0.059053 0.092126 0.664360 0.394325 1.233218 1.221176 1.666125 0.299585 0.598339 5.221107 4.078720 4.930104 0.261246 5.888997 7.699827 3.813841 2.520138
 0.002580 0.701730 0.006856 0.932221 0.048876 0.043588 0.005717 0.049114 0.029729 0.101287 0.064856 0.043271 0.039597 0.085845 0.946713 0.943183 0.445329 0.562699 0.167232 2.650173 0.244775 1.189619 6.951557 3.678616 0.339619 7.260865 6.502076 3.467128 9.371765
 0.002270 0.639654 0.005326 0.755121 0.098164 0.045704 0.012959 0.073483 0.105576 0.068937 0.027624 0.065605 0.087385 0.089334 0.008304 0.884567 1.530104 1.418720 0.049550 4.263322 2.910104 0.066090 9.115052 2.578824 7.132007 7.026644 6.775848 2.600346 9.804913
 0.002714 0.600969 0.004664 0.935481 0.051752 0.110874 0.049548 0.051738 0.014483 0.060079 0.084073 0.075725 0.055299 0.008026 1.067128 0.085260 1.467301 1.251107 1.337855 2.051003 0.679931 1.354844 0.922145 5.954048 5.198789 3.781003 3.695917 2.461661 1.260069
 0.002161 0.544291 0.006673 0.668201 0.101039 0.080828 0.010672 0.086605 0.097572 0.095510 0.014813 0.025125 0.001365 0.026172 0.286505 1.071073 0.085640 0.131696 1.021972 2.557993 1.223875 4.031488 6.738754 3.868235 4.179931 8.766574 8.589585 5.616747 11.064983
 0.002571 0.584775 0.006442 0.905059 0.069413 0.012696 0.081183 0.104226 0.064794 0.023878 0.083672 0.044318 0.025601 0.085147 0.473356 0.852595 0.131315 0.365156 1.288304 5.323391 4.188374 7.038581 8.937716 3.488997 6.060900 7.227405 5.543875 8.979862 6.457855
 0.002411 0.599170 0.005876 0.774678 0.006572 0.038087 0.065556 0.051363 0.110150 0.104753 0.099286 0.093871 0.063150 0.060021 0.573010 0.015986 1.627163 1.137370 1.226367 4.908581 4.949896 7.699481 6.135813 8.608720 3.134948 6.290519 7.870934 7.003599 4.252734
 0.002497 0.699031 0.005836 0.769246 0.104735 0.015658 0.091093 0.012747 0.105957 0.031195 0.032828 0.051646 0.081924 0.014307 0.419377 0.825952 0.759343 0.436990 0.538858 4.632042 3.780415 1.586159 8.866782 4.664637 2.560208 0.903426 0.889758 6.552872 1.023806
 0.002078 0.768304 0.004720 0.837696 0.100217 0.020736 0.068987 0.100102 0.015627 0.078950 0.097684 0.055485 0.064515 0.037688 0.548097 0.026644 1.158997 1.041592 1.294498 6.291280 6.717716 6.146367 3.262976 2.540900 6.687889 7.963529 7.118062 8.355779 8.977993
 0.002753 0.655848 0.005597 0.873550 0.051341 0.039356 0.088806 0.018371 0.016770 0.087422 0.008007 0.004537 0.055981 0.065605 0.440138 1.012457 0.947751 0.071834 1.430761 3.018893 5.956194 7.600346 5.781142 10.732457 3.552941 1.606090 4.688339 9.846644 7.048512
 0.002292 0.666644 0.004927 0.751862 0.118700 0.081251 0.058696 0.095603 0.017914 0.001155 0.054447 0.048157 0.060078 0.093173 0.784775 1.198962 1.181834 1.215190 1.709481 4.055917 3.372457 4.527163 1.950692 8.760415 0.679239 1.204567 1.300415 4.160554 3.819585
 0.002679 0.762907 0.005660 0.783370 0.079681 0.042318 0.077372 0.088480 0.073560 0.023492 0.024421 0.072933 0.034476 0.055136 0.074740 1.241592 0.919204 0.263391 0.272526 2.972803 3.018893 4.394983 8.902249 9.025882 5.616782 9.569619 6.707405 2.773702 7.166644
 0.001851 0.659446 0.005078 0.637779 0.045180 0.113836 0.066700 0.074983 0.070130 0.109760 0.044839 0.069792 0.041986 0.046412 1.062976 0.319723 0.605190 1.514498 1.201592 3.203253 2.202976 7.104671 1.241349 0.493010 3.579066 7.294325 6.638962 8.529135 3.189550
 0.002666 0.643253 0.006019 0.899626 0.049287 0.000846 0.074323 0.079482 0.039639 0.003081 0.084873 0.098756 0.041645 0.046761 0.411073 0.415640 1.438754 0.496851 1.542249 6.521730 5.221869 4.163668 4.752595 10.277370 7.445502 2.041073 3.422145 5.200692 7.836055
 0.002043 0.670242 0.006521 0.900713 0.107610 0.100294 0.073560 0.086980 0.052598 0.061234 0.114499 0.003141 0.009558 0.056183 0.801384 1.033772 1.524394 1.394775 0.625571 0.944844 6.663322 8.856055 9.717993 8.039862 2.925952 0.936886 6.262526 3.848512 7.599792
 0.002193 0.583875 0.006330 0.693190 0.018072 0.049512 0.018676 0.090729 0.039258 0.038897 0.090478 0.095616 0.034818 0.077121 0.876125 0.378339 0.610900 0.808131 0.390208 1.405744 3.807612 3.304498 7.128893 2.009965 0.313495 0.434983 9.547785 0.450727 4.882768
 0.002673 0.774602 0.004696 0.666028 0.057502 0.114260 0.009529 0.065610 0.062126 0.057768 0.015613 0.062813 0.081583 0.030709 1.083737 0.836609 0.982007 1.316955 0.328270 0.783529 1.468651 7.435121 2.376298 1.592803 2.507958 5.621315 8.076263 7.627682 8.544844
 0.001858 0.562284 0.006713 0.920270 0.033680 0.069825 0.055647 0.028119 0.017533 0.010783 0.008407 0.000698 0.048130 0.083053 0.390311 0.053287 0.388235 1.125398 1.009585 4.078962 2.284567 7.269896 0.000000 8.229481 5.773529 2.576436 2.703495 5.859446 5.276540
 0.002165 0.692734 0.005493 0.706228 0.071056 0.010580 0.093380 0.010872 0.018295 0.022722 0.094482 0.054787 0.076804 0.033500 1.121107 0.703391 0.057093 0.215502 1.393599 1.359654 6.391349 5.915052 3.404844 7.471003 1.175606 2.275294 7.186505 6.726228 5.315917
 0.002305 0.534394 0.006474 0.748602 0.012733 0.027930 0.107482 0.031118 0.011815 0.056228 0.037232 0.047459 0.094212 0.034896 1.195848 0.495571 0.239792 0.832076 0.743253 3.525882 0.951903 9.054325 6.100346 10.580761 5.564533 5.253253 0.718651 5.582076 6.418478
 0.002468 0.557785 0.006298 0.695363 0.025054 0.014388 0.094523 0.056987 0.021725 0.031965 0.052445 0.071537 0.002731 0.095616 0.215917 1.172318 0.034256 1.304983 0.037163 5.553841 7.316055 7.633391 0.957612 8.836263 4.624048 1.572630 2.737716 8.737163 10.080554
 0.002711 0.556886 0.006505 0.928962 0.030394 0.015235 0.087663 0.055112 0.020963 0.087037 0.038834 0.077819 0.027308 0.048855 0.921799 0.383668 0.850692 0.921869 0.384014 3.318478 2.257370 8.690830 6.561419 2.199585 3.970934 3.479862 7.973599 1.456194 4.646505
 0.002385 0.763806 0.005062 0.910491 0.036555 0.079982 0.009910 0.047989 0.063270 0.067011 0.031227 0.062464 0.025260 0.005583 0.394464 1.151003 0.137024 1.059550 0.464533 4.194187 6.799308 4.923702 2.766436 5.119723 2.743080 8.900415 7.836713 4.923322 10.198685
 0.002420 0.592872 0.005349 0.877896 0.083788 0.080405 0.031254 0.050238 0.003811 0.007702 0.101288 0.041526 0.066904 0.031058 0.336332 0.639446 1.410208 0.083806 1.176817 5.346436 3.617232 8.756920 10.143599 8.153633 3.761938 9.201557 8.110484 6.344844 5.709689
 0.002698 0.688235 0.004759 0.776851 0.093235 0.002962 0.056790 0.098977 0.046880 0.082031 0.096884 0.018844 0.011606 0.043271 1.021453 0.479585 1.335986 0.185571 1.096298 4.217232 6.037785 1.321799 9.256920 8.343253 0.235121 1.505709 0.444879 3.571142 1.693218
 0.002225 0.621661 0.005915 0.652990 0.064073 0.044434 0.109388 0.063360 0.027442 0.021567 0.108894 0.036641 0.056323 0.057928 0.830450 1.534671 1.198962 0.592630 1.635156 0.921799 0.652734 2.114879 3.227509 4.247474 4.937543 6.859343 0.239550 5.824775 1.614464
 0.002625 0.729619 0.005700 0.683412 0.058323 0.049936 0.072798 0.054362 0.107863 0.016945 0.035631 0.015354 0.084996 0.094220 0.257439 1.182976 0.165571 0.556713 0.916678 1.659239 0.135986 8.294291 6.242215 5.688581 3.526817 8.967336 8.966021 9.222561 3.898339
 0.002027 0.585675 0.005732 0.922443 0.081324 0.041049 0.083089 0.007873 0.091474 0.071247 0.091279 0.019193 0.086020 0.070490 1.125260 0.724706 0.439619 1.718028 0.520277 3.802422 0.000000 5.386332 10.037197 3.185606 5.956401 4.650969 0.855536 2.981730 3.662076
 0.002120 0.675640 0.006402 0.714920 0.091592 0.038510 0.102146 0.089604 0.061364 0.097821 0.062054 0.094569 0.021846 0.075725 0.614533 0.602145 1.278893 1.023633 0.074325 0.622215 5.847405 7.369031 4.326990 4.778408 5.381661 8.833495 6.091419 0.208028 0.078754
 0.002430 0.669343 0.005748 0.834436 0.039840 0.018197 0.058315 0.075358 0.066319 0.102827 0.069260 0.030011 0.024577 0.087240 0.124567 1.470727 0.416782 1.532457 0.161038 1.129204 0.788720 2.974048 2.447232 1.251488 1.332353 1.673010 6.536298 7.176955 6.339723
 0.001928 0.694533 0.006306 0.871377 0.059966 0.067709 0.068224 0.060361 0.100621 0.008858 0.072463 0.028615 0.096261 0.017797 1.087889 0.554187 1.176125 1.334913 1.734256 4.770311 5.684221 6.410727 8.583045 1.896194 7.262630 8.130830 7.494498 2.114948 0.118131
 0.002222 0.627958 0.005525 0.853993 0.070234 0.088022 0.014865 0.094103 0.044212 0.053532 0.004804 0.066303 0.065880 0.094569 0.988235 1.166990 0.148443 0.377128 1.759031 3.364567 7.642422 4.956747 0.815744 2.692595 3.788062 5.119412 1.060865 4.611280 1.063183
 0.002689 0.700830 0.004728 0.669287 0.114593 0.066017 0.059077 0.101227 0.030872 0.103598 0.069660 0.030360 0.052226 0.039782 0.365398 0.783322 0.964879 0.927855 0.000000 1.221384 0.435156 7.864706 8.370242 6.484983 2.377336 2.710277 7.152284 7.488997 4.370865
 0.002168 0.597370 0.004688 0.632346 0.052162 0.056283 0.067462 0.012372 0.002668 0.020411 0.003603 0.053740 0.048813 0.070141 0.705882 0.714048 0.451038 0.658478 1.591799 1.290519 6.690519 0.991349 6.987024 6.105744 0.548616 7.829689 7.768270 7.731696 10.828720
 0.002462 0.680138 0.006912 0.788803 0.072288 0.000000 0.032778 0.043865 0.093761 0.000385 0.074064 0.088287 0.047448 0.030360 0.896886 0.005329 0.827855 0.532768 1.046747 2.281453 7.860000 8.096021 1.808824 8.381176 2.063841 2.107993 5.201661 2.080277 6.103460
 0.002494 0.541592 0.005110 0.846388 0.013143 0.088445 0.026680 0.017246 0.074704 0.059309 0.084473 0.040480 0.050861 0.088287 1.166782 0.634118 0.879239 0.197543 0.353045 0.322630 4.052388 6.179412 9.895329 1.289412 0.104498 9.301938 9.650450 6.934256 9.214256
 0.002651 0.569481 0.006489 0.847474 0.016018 0.007617 0.053741 0.039366 0.049548 0.058924 0.066858 0.057928 0.069635 0.022683 0.543945 1.486713 0.582353 1.724014 0.204394 4.102007 0.625536 7.005536 6.029412 8.987958 1.201730 4.115606 9.616228 10.020000 5.197785
 0.002564 0.736817 0.006553 0.807273 0.082145 0.063901 0.073942 0.048364 0.003049 0.072788 0.057249 0.053042 0.013313 0.065954 0.145329 0.628789 0.970588 1.664152 0.402595 5.738201 0.734325 0.958304 8.334775 3.451073 6.714014 4.483668 3.661696 8.425121 1.456955
 0.001909 0.750311 0.004624 0.894194 0.027108 0.022429 0.084995 0.053613 0.029348 0.082416 0.071662 0.001396 0.036183 0.009073 0.141176 0.799308 1.387370 1.011661 1.368824 3.641107 1.142284 5.452422 2.908304 6.788374 0.705363 3.847924 4.893668 4.021869 4.055848
 0.002395 0.580277 0.004632 0.822484 0.009857 0.070672 0.061745 0.055487 0.031254 0.013479 0.099686 0.099803 0.033794 0.002094 0.560554 0.692734 1.261765 0.838062 0.960035 1.083114 3.943599 2.280104 5.249135 0.948097 5.407785 2.609896 2.908824 3.016401 11.025606
