 1.333333 0.001897 0.716720 0.020163 0.017216 0.004852 0.444889 0.417511 0.647937 0.097975 0.027825 0.093044 0.082643 1.149206 0.594815 2.537143 4.241905 2.077249 5.935026
 0.518519 0.002342 0.713968 0.020206 0.016244 0.005998 0.547556 0.432178 0.687810 0.008165 0.038178 0.024144 0.034894 0.520635 1.450370 5.461905 3.077460 0.958730 0.511640
 2.425926 0.002513 0.709841 0.022192 0.014786 0.006912 0.532889 0.375467 0.903788 0.106767 0.107417 0.025322 0.067951 1.053968 0.822963 2.079048 6.238095 0.519312 0.716296
 3.351852 0.002723 0.542011 0.023789 0.018361 0.005327 0.511378 0.513333 0.669534 0.005024 0.003235 0.063011 0.042240 0.222222 0.896296 2.184762 5.447937 5.392857 5.423386
 0.333333 0.002249 0.562646 0.020853 0.019368 0.004706 0.435111 0.467378 0.759249 0.088554 0.025237 0.028267 0.079582 0.666667 1.165185 2.360952 7.028254 2.876190 5.679206
 2.296296 0.001975 0.594286 0.017745 0.016834 0.006351 0.400889 0.549511 0.712730 0.068457 0.117123 0.021789 0.114476 0.088889 1.474815 5.532381 4.075556 4.593915 2.353545
 0.944444 0.002308 0.572275 0.017011 0.018743 0.006607 0.407733 0.415556 0.632984 0.113048 0.052414 0.058300 0.043464 1.187302 0.358519 3.418095 4.449841 6.351587 5.576878
 0.129630 0.002366 0.528254 0.019515 0.018708 0.006644 0.467378 0.485956 0.918741 0.092950 0.087357 0.088333 0.011631 0.895238 1.352593 5.215238 3.451746 3.874868 4.246614
 0.851852 0.002581 0.634180 0.018738 0.015376 0.005900 0.398933 0.472267 0.805767 0.112420 0.021354 0.106000 0.111415 0.304762 0.505185 6.342857 7.735238 0.039947 6.446667
 2.444444 0.002757 0.735979 0.023401 0.015168 0.006851 0.475200 0.501600 0.792476 0.097347 0.068592 0.066544 0.016529 0.768254 1.344444 6.096190 5.198413 4.394180 1.074444
 0.574074 0.002176 0.591534 0.020508 0.019333 0.005717 0.472267 0.440000 0.701101 0.018841 0.018766 0.025911 0.027548 0.196825 0.334074 0.775238 3.826032 3.755026 9.414180
 2.888889 0.002127 0.612169 0.024178 0.019611 0.004730 0.487911 0.534844 0.880529 0.021981 0.121006 0.060656 0.085704 0.450794 0.382963 5.955238 4.782540 6.032011 1.023280
 3.055556 0.002606 0.712593 0.017831 0.015862 0.004657 0.394044 0.489867 0.682825 0.045219 0.114535 0.074200 0.074072 0.241270 0.537778 4.017143 7.236190 1.637831 8.339735
 0.740741 0.002405 0.755238 0.023746 0.016140 0.004840 0.519200 0.434133 0.799122 0.101115 0.104829 0.008244 0.076521 0.203175 0.048889 3.700000 5.655873 7.270370 7.316455
 2.222222 0.002596 0.610794 0.018910 0.016174 0.006595 0.379378 0.498667 0.802444 0.012561 0.007765 0.102467 0.099171 0.514286 1.051111 5.602857 5.406349 2.796296 0.972116
 3.000000 0.002611 0.525503 0.017788 0.013884 0.004718 0.485956 0.394044 0.930370 0.066572 0.047885 0.028856 0.094886 0.057143 0.130370 1.938095 0.332698 6.711111 2.200053
 1.074074 0.001921 0.641058 0.021501 0.019263 0.005547 0.528978 0.464444 0.684487 0.048359 0.115182 0.019433 0.085092 1.041270 0.635556 6.237143 2.162540 5.312963 7.930423
 2.703704 0.001936 0.573651 0.019558 0.014300 0.005242 0.426311 0.393067 0.877206 0.087298 0.050473 0.064189 0.022650 0.012698 1.499259 2.220000 3.326984 4.873545 8.646720
 1.981481 0.001941 0.632804 0.021156 0.015029 0.006302 0.477156 0.392089 0.885513 0.057152 0.078298 0.082444 0.006734 0.387302 0.440000 5.250476 6.612381 1.877513 7.981587
 3.370370 0.001980 0.624550 0.021933 0.019159 0.005912 0.486933 0.369600 0.905450 0.023866 0.014883 0.055944 0.080194 0.336508 1.026667 3.453333 3.534921 2.716402 8.442063
 1.388889 0.001902 0.757989 0.019860 0.019506 0.005486 0.427289 0.529956 0.867238 0.094206 0.088651 0.108356 0.102844 0.977778 1.320000 4.545714 0.706984 0.758995 3.069841
 3.148148 0.002630 0.733228 0.018695 0.013189 0.006778 0.465422 0.466400 0.807429 0.105511 0.044649 0.000589 0.095498 0.939683 1.368889 0.493333 4.158730 3.355556 3.632646
 2.277778 0.002391 0.773122 0.023444 0.017528 0.005888 0.508444 0.479111 0.922063 0.075365 0.088004 0.101878 0.048361 0.850794 0.806667 6.554286 5.323175 0.559259 6.804815
 2.629630 0.002024 0.682328 0.017658 0.019402 0.005986 0.497689 0.484978 0.692794 0.073481 0.085416 0.110711 0.041628 0.742857 0.570370 0.352381 2.204127 1.957407 7.623439
 3.037037 0.002190 0.639683 0.017183 0.017146 0.006571 0.484000 0.544622 0.755926 0.010677 0.075710 0.050644 0.105293 0.526984 0.342222 4.158095 1.247619 4.633862 1.995397
 2.555556 0.001892 0.652063 0.022278 0.019229 0.006546 0.415556 0.474222 0.674519 0.042707 0.075062 0.069489 0.077133 0.812698 0.089630 1.691429 4.408254 5.512698 3.581481
 1.870370 0.002107 0.778624 0.019947 0.016521 0.004986 0.528000 0.425333 0.735989 0.006908 0.122300 0.087744 0.060605 0.596825 0.366667 3.206667 4.657778 3.834921 8.288571
 3.074074 0.002655 0.577778 0.017874 0.016105 0.006522 0.458578 0.429244 0.696116 0.016329 0.042708 0.046522 0.001837 0.844444 1.279259 0.986667 2.661587 0.079894 4.604762
 2.759259 0.002557 0.584656 0.017615 0.018812 0.006327 0.522133 0.500622 0.729344 0.043335 0.017471 0.110122 0.091825 0.958730 1.377037 2.114286 4.033968 5.033333 5.014074
 0.370370 0.002239 0.531005 0.019774 0.017702 0.006510 0.430222 0.428267 0.795799 0.011305 0.091240 0.017078 0.083255 0.926984 0.513333 4.827619 2.079365 0.878836 1.125608
 1.777778 0.001995 0.724974 0.016924 0.019194 0.005022 0.496711 0.461511 0.912095 0.104255 0.024589 0.085389 0.089989 0.342857 0.293333 2.325714 7.776825 6.231746 4.553598
 1.166667 0.002484 0.770370 0.023530 0.017424 0.006437 0.381333 0.548533 0.656243 0.048987 0.077651 0.027678 0.102232 0.539683 0.839259 5.320952 1.455556 2.037302 3.172169
 2.574074 0.002620 0.521376 0.016968 0.016869 0.005449 0.507467 0.410667 0.819058 0.006280 0.055650 0.018256 0.107742 0.349206 1.157037 3.241905 1.206032 1.358201 7.009471
 2.962963 0.002430 0.674074 0.022580 0.017389 0.006802 0.524089 0.411644 0.848963 0.000000 0.084769 0.024733 0.012243 0.571429 0.725185 0.634286 2.370476 4.553968 9.311852
 0.277778 0.002097 0.664444 0.019903 0.016417 0.004827 0.469333 0.463467 0.908772 0.020097 0.077004 0.045344 0.045913 0.019048 1.214074 4.616190 6.404444 1.557937 1.176772
 2.518519 0.002679 0.731852 0.022710 0.014404 0.006266 0.551467 0.508444 0.765894 0.027006 0.069886 0.010011 0.074685 1.003175 1.336296 2.572381 0.790159 1.238360 9.158360
 2.481481 0.002356 0.579153 0.018220 0.017077 0.005108 0.468356 0.496711 0.902127 0.018213 0.110652 0.016489 0.020814 0.234921 1.360741 1.303810 2.994286 3.475397 5.167566
 0.000000 0.002664 0.522751 0.018133 0.017181 0.006156 0.423378 0.387200 0.910434 0.074737 0.090593 0.105411 0.020202 0.266667 0.016296 3.805714 5.614286 6.431481 0.204656
 1.314815 0.002268 0.638307 0.019688 0.016938 0.006717 0.384267 0.519200 0.850624 0.044591 0.043355 0.030622 0.021426 1.092063 0.545926 5.814286 6.653968 0.000000 5.781534
 3.425926 0.001965 0.663069 0.021242 0.017112 0.005291 0.462489 0.444889 0.639630 0.094834 0.034296 0.000000 0.068563 0.869841 1.442222 6.378095 1.746667 5.592593 4.758254
 0.962963 0.002660 0.526878 0.016450 0.018569 0.005376 0.537778 0.510400 0.812413 0.028262 0.001941 0.030033 0.011019 1.060317 0.643704 4.651429 1.538730 5.552646 7.572275
 0.796296 0.001956 0.520000 0.020897 0.015515 0.005315 0.451733 0.515289 0.888836 0.075993 0.035590 0.022378 0.065502 0.857143 0.244444 2.748571 0.207937 4.474074 8.032751
 1.000000 0.002039 0.631429 0.019817 0.013467 0.004632 0.514311 0.540711 0.747619 0.029518 0.093828 0.103056 0.078358 0.107937 0.114074 5.990476 5.073651 4.354233 6.958307
 1.370370 0.002058 0.771746 0.017356 0.017042 0.005339 0.402844 0.507467 0.925386 0.113676 0.109358 0.032389 0.031221 0.622222 0.994074 2.466667 6.861905 3.395503 4.655926
 0.259259 0.002278 0.608042 0.021587 0.015411 0.005754 0.517244 0.370578 0.845640 0.028890 0.028472 0.006478 0.015916 0.546032 1.116296 0.704762 5.822222 4.034656 1.534921
 1.962963 0.001970 0.646561 0.017529 0.014231 0.004998 0.391111 0.469333 0.863915 0.079133 0.051767 0.001767 0.047749 1.168254 1.108148 3.488571 1.705079 6.391534 3.376825
 3.018519 0.002073 0.718095 0.018867 0.018916 0.006400 0.405778 0.551467 0.855608 0.040195 0.097711 0.002356 0.017141 0.704762 0.464444 1.761905 2.037778 2.396825 0.869788
 2.203704 0.002708 0.715344 0.021803 0.018847 0.004815 0.454667 0.528000 0.875545 0.086042 0.111299 0.048878 0.058768 0.698413 1.482963 2.819048 1.497143 3.195767 0.920952
 0.648148 0.001882 0.685079 0.023832 0.014057 0.006278 0.409689 0.536800 0.709407 0.077249 0.036237 0.005889 0.013468 0.730159 0.619259 5.074286 3.243810 3.315608 0.255820
 1.481481 0.002303 0.645185 0.022839 0.014439 0.006449 0.388178 0.396978 0.938677 0.117444 0.047238 0.065956 0.057544 0.876190 1.393333 4.475238 2.827937 0.479365 3.479153
 0.444444 0.002034 0.762116 0.020767 0.013814 0.005705 0.525067 0.483022 0.784169 0.083530 0.009706 0.035333 0.025711 1.142857 1.222222 2.889524 6.695556 0.998677 1.330265
 1.555556 0.002293 0.551640 0.021760 0.015931 0.005035 0.436089 0.537778 0.842317 0.025122 0.022648 0.095989 0.084479 0.673016 1.385185 5.920000 7.360952 6.791005 7.060635
 1.537037 0.002479 0.616296 0.019342 0.018049 0.005047 0.483022 0.460533 0.865577 0.072853 0.011001 0.084800 0.018977 0.660317 0.236296 0.035238 5.572698 3.595238 1.586085
 0.388889 0.002210 0.767619 0.023055 0.017320 0.006461 0.541689 0.379378 0.780847 0.060292 0.033002 0.075378 0.080806 0.882540 0.456296 3.594286 1.081270 2.956085 5.321058
 1.018519 0.002474 0.744233 0.018781 0.013918 0.005510 0.478133 0.399911 0.676180 0.002512 0.020060 0.070078 0.008570 0.965079 0.391111 5.497143 0.457460 0.439418 6.855979
 0.907407 0.002552 0.568148 0.024135 0.016799 0.005157 0.546578 0.511378 0.785831 0.100487 0.096416 0.033567 0.063666 0.736508 0.415556 2.008571 3.742857 4.274339 2.967513
 2.685185 0.002523 0.745608 0.017270 0.016695 0.006181 0.433156 0.391111 0.629661 0.098603 0.097063 0.057711 0.005510 0.368254 0.692593 5.426667 5.697460 6.990741 5.883862
 1.296296 0.002298 0.636931 0.016709 0.014960 0.005169 0.553422 0.448800 0.672857 0.110535 0.013589 0.031211 0.088152 0.609524 1.124444 0.951429 3.119048 3.914815 5.065238
 2.240741 0.001877 0.774497 0.017443 0.015827 0.006229 0.521156 0.404800 0.895481 0.096719 0.095122 0.070667 0.066726 0.000000 0.700741 4.299048 6.196508 6.910847 8.595556
 1.407407 0.002767 0.647937 0.018177 0.017354 0.005254 0.396978 0.499644 0.935354 0.069713 0.060826 0.104233 0.053259 0.380952 1.083704 2.713333 7.652063 3.635185 6.702487
 1.759259 0.002200 0.588783 0.018047 0.014092 0.006863 0.463467 0.504533 0.858931 0.001884 0.116476 0.068900 0.072236 0.800000 1.091852 1.902857 6.279683 6.631217 4.809418
 2.666667 0.002567 0.544762 0.023228 0.015307 0.006193 0.434133 0.426311 0.726021 0.053384 0.072474 0.051233 0.089377 0.095238 0.757778 1.867619 1.580317 1.398148 2.609365
 0.203704 0.002229 0.780000 0.018090 0.017840 0.006827 0.500622 0.468356 0.822381 0.005652 0.009059 0.055356 0.097335 0.984127 1.042963 3.946667 5.905397 0.159788 3.734974
 0.666667 0.002738 0.734603 0.023703 0.014370 0.006668 0.545600 0.520178 0.857270 0.084786 0.040120 0.040044 0.015304 0.082540 0.904444 0.563810 4.325079 5.872222 3.530317
 2.851852 0.002112 0.583280 0.022149 0.014717 0.005096 0.518222 0.396000 0.691132 0.069085 0.094475 0.100700 0.048974 0.647619 0.765926 4.510476 3.285397 1.917460 3.121005
 0.055556 0.002562 0.569524 0.020335 0.013953 0.005803 0.404800 0.397956 0.694455 0.049615 0.112594 0.108944 0.110803 0.806349 0.782222 0.140952 1.289206 7.510053 4.041958
 1.629630 0.002542 0.658942 0.023573 0.019125 0.006473 0.411644 0.542667 0.739312 0.090438 0.062768 0.090100 0.033057 0.761905 1.002222 1.409524 7.610476 4.194444 3.427989
 2.370370 0.002503 0.628677 0.018954 0.017250 0.004962 0.408711 0.423378 0.734328 0.003768 0.026531 0.067133 0.088765 0.819048 0.285185 4.228571 3.618095 0.599206 6.344339
 1.240741 0.002215 0.689206 0.017140 0.015341 0.006022 0.550489 0.449778 0.837333 0.114932 0.110005 0.058889 0.007346 0.685714 0.057037 3.171429 2.328889 2.916138 2.302381
 0.185185 0.002772 0.547513 0.018349 0.014994 0.005644 0.515289 0.517244 0.898804 0.065316 0.086710 0.035922 0.067339 0.996825 0.912593 5.180000 2.536825 7.230423 1.227937
 1.425926 0.002254 0.565397 0.016320 0.016973 0.004693 0.387200 0.416533 0.641291 0.116188 0.121653 0.061833 0.049586 0.209524 1.075556 6.660000 4.990476 4.074603 9.209524
 0.425926 0.001990 0.621799 0.020076 0.019055 0.005876 0.418489 0.381333 0.814074 0.103627 0.067944 0.034156 0.062441 1.066667 1.328148 4.898095 0.415873 4.833598 6.139683
 1.055556 0.001863 0.617672 0.017313 0.015064 0.004888 0.535822 0.459556 0.740974 0.019469 0.055003 0.054178 0.072848 0.603175 0.228148 2.854286 1.413968 6.950794 3.990794
 1.722222 0.002645 0.697460 0.019385 0.013294 0.005364 0.370578 0.403822 0.840656 0.026378 0.038825 0.002944 0.044076 0.406349 0.480741 0.845714 4.533016 0.639153 7.469947
 2.537037 0.002537 0.575026 0.019256 0.019437 0.006498 0.526044 0.384267 0.794138 0.067201 0.117770 0.080678 0.002449 0.901587 0.977778 1.515238 5.739048 1.797619 0.409312
 0.722222 0.002151 0.595661 0.020810 0.018153 0.006168 0.543644 0.552444 0.928709 0.033914 0.040767 0.036511 0.073460 0.914286 1.271111 3.840952 3.410159 3.115873 1.483757
 2.314815 0.002635 0.606667 0.020940 0.019541 0.006766 0.417511 0.445867 0.940339 0.050871 0.103534 0.023556 0.087540 1.022222 1.262963 2.642857 5.531111 5.712434 2.916349
 2.074074 0.002166 0.557143 0.024005 0.018986 0.006205 0.466400 0.424356 0.820720 0.031402 0.005824 0.109533 0.000000 0.076190 1.540000 1.268571 2.952698 3.155820 4.707090
 3.462963 0.002078 0.587407 0.024480 0.013606 0.005437 0.441956 0.373511 0.702762 0.013817 0.086063 0.078911 0.050810 0.330159 1.173333 5.144762 6.487619 7.110582 8.697884
 2.981481 0.002180 0.529630 0.024394 0.015584 0.004779 0.389156 0.527022 0.830688 0.035170 0.118417 0.087156 0.009183 0.755556 0.562222 1.339048 4.616190 5.352910 0.562804
 1.888889 0.002425 0.623175 0.017054 0.014127 0.005742 0.392089 0.470311 0.772540 0.095462 0.003883 0.072433 0.001224 0.190476 0.162963 6.060952 4.824127 6.870899 4.400106
 3.481481 0.002752 0.752487 0.021328 0.015723 0.005559 0.396000 0.553422 0.825704 0.102999 0.033649 0.010600 0.024487 1.098413 1.434074 2.396190 4.200317 0.679101 6.037354
 1.851852 0.002283 0.524127 0.020422 0.016660 0.005669 0.453689 0.523111 0.847302 0.009421 0.027178 0.091867 0.091213 1.034921 0.301481 0.458095 1.621905 7.390212 3.274497
 2.129630 0.002625 0.548889 0.016363 0.014508 0.006132 0.481067 0.455644 0.737651 0.101743 0.001294 0.059478 0.106517 0.907937 0.317778 0.528571 7.111429 7.350265 2.762857
 1.703704 0.002728 0.694709 0.022883 0.018604 0.005973 0.460533 0.528978 0.789153 0.070969 0.011648 0.064778 0.055707 0.311111 1.466667 3.382857 0.083175 3.035979 8.493228
 1.925926 0.002317 0.539259 0.018565 0.017667 0.005388 0.401867 0.482044 0.699439 0.107395 0.064062 0.032978 0.035506 0.717460 0.032593 1.832381 0.623810 2.276984 1.739577
 1.907407 0.002674 0.554392 0.017917 0.013641 0.006120 0.493778 0.372533 0.893820 0.082274 0.057591 0.009422 0.064890 0.787302 0.024444 4.862857 4.907302 2.117196 1.893069
 3.333333 0.002044 0.748360 0.021285 0.018951 0.005400 0.461511 0.535822 0.923725 0.037054 0.064709 0.060067 0.025099 0.247619 1.189630 3.876190 2.578413 7.030688 3.786138
 2.037037 0.002019 0.540635 0.024350 0.014612 0.004925 0.531911 0.437067 0.832349 0.015073 0.045296 0.014133 0.056320 0.006349 1.018519 2.678095 3.867619 1.517989 5.628042
 2.166667 0.002327 0.722222 0.020551 0.018188 0.005851 0.470311 0.453689 0.769217 0.099231 0.016824 0.007656 0.014692 0.273016 0.578519 3.911429 0.998095 6.071958 0.306984
 0.685185 0.002063 0.661693 0.022926 0.017563 0.005059 0.439022 0.446844 0.810751 0.108651 0.071827 0.095400 0.012856 1.174603 0.961481 1.127619 0.914921 1.278307 1.381429
 1.129630 0.002122 0.729101 0.018651 0.014855 0.005461 0.502578 0.502578 0.787492 0.021353 0.000647 0.021200 0.108354 0.933333 0.660000 6.483810 3.202222 5.273016 8.083915
 0.314815 0.002694 0.675450 0.021415 0.014543 0.006839 0.456622 0.435111 0.760910 0.047103 0.046590 0.077144 0.022038 1.009524 0.073333 3.735238 7.153016 1.997354 1.944233
 1.518519 0.002000 0.726349 0.019644 0.014925 0.006900 0.395022 0.442933 0.727683 0.104883 0.036884 0.104822 0.006122 0.641270 0.717037 1.444762 2.120952 1.318254 9.056032
 2.777778 0.002195 0.536508 0.022105 0.014474 0.006071 0.512356 0.541689 0.651259 0.043963 0.034943 0.071256 0.014080 0.952381 0.668148 5.391429 6.945079 6.311640 4.348942
 1.592593 0.002650 0.708466 0.022494 0.014647 0.006339 0.464444 0.401867 0.704423 0.013189 0.104181 0.084211 0.071624 0.920635 0.855556 4.404762 0.831746 4.753704 0.665132
 2.833333 0.002400 0.671323 0.023876 0.015758 0.006217 0.399911 0.462489 0.752603 0.115560 0.058885 0.018844 0.003673 0.558730 0.399259 5.708571 3.160635 1.438095 6.497831
 1.222222 0.002498 0.550265 0.016536 0.016036 0.004620 0.445867 0.418489 0.797460 0.027634 0.102240 0.088922 0.026935 0.780952 1.523704 5.356190 0.000000 4.434127 4.195450
 3.444444 0.002083 0.723598 0.021112 0.018014 0.004645 0.377422 0.443911 0.883852 0.060920 0.070533 0.041222 0.056932 1.111111 0.325926 3.523810 7.568889 0.798942 8.135079
 3.240741 0.001985 0.777249 0.024091 0.016279 0.006875 0.488889 0.402844 0.652921 0.084158 0.100299 0.045933 0.075297 0.749206 1.132593 6.201905 2.620000 0.399471 0.767460
 0.629630 0.002704 0.753862 0.022062 0.016903 0.005595 0.499644 0.543644 0.757587 0.035798 0.054356 0.071844 0.100396 0.495238 0.105926 3.100952 3.368571 6.511376 8.851376
 0.351852 0.002185 0.581905 0.017399 0.016313 0.006705 0.442933 0.414578 0.843979 0.036426 0.084122 0.098933 0.055095 0.317460 0.008148 1.480000 5.281587 6.111905 8.544392
 0.537037 0.002029 0.746984 0.018392 0.015793 0.006254 0.380356 0.412622 0.767556 0.106139 0.081533 0.068311 0.029384 1.104762 0.472593 6.448571 3.493333 2.316931 2.814021
 1.796296 0.001887 0.603915 0.022969 0.014161 0.005632 0.506489 0.521156 0.897143 0.038311 0.089298 0.107178 0.045301 0.139683 1.205926 2.501905 4.948889 5.432804 3.683810
 3.185185 0.001946 0.553016 0.017097 0.018882 0.005266 0.479111 0.382311 0.779185 0.065944 0.080886 0.029444 0.061217 0.120635 0.065185 1.973333 6.446032 6.830952 4.297778
 2.111111 0.002440 0.609418 0.017486 0.014196 0.005498 0.443911 0.533867 0.920402 0.055896 0.014236 0.022967 0.101008 0.425397 0.888148 1.374286 0.166349 1.478042 2.148889
 2.907407 0.002718 0.532381 0.022364 0.016487 0.006144 0.386222 0.457600 0.649598 0.024494 0.004530 0.040633 0.028772 1.200000 0.268889 5.779048 7.069841 2.836243 5.832698
 1.037037 0.002572 0.749735 0.016665 0.019021 0.005278 0.383289 0.526044 0.750942 0.038939 0.062121 0.027089 0.037954 0.971429 0.611111 1.092381 3.992381 0.918783 8.390899
 1.648148 0.002493 0.605291 0.022623 0.019680 0.006095 0.452711 0.532889 0.853947 0.051499 0.101593 0.011778 0.052034 0.133333 1.254815 0.599048 7.444127 5.672487 9.618836
 1.500000 0.002469 0.558519 0.021717 0.016209 0.005583 0.375467 0.433156 0.835672 0.108023 0.119712 0.099522 0.110190 0.152381 1.287407 3.347619 1.913016 3.715079 7.776931
 3.259259 0.001912 0.701587 0.017572 0.013363 0.005303 0.459556 0.531911 0.754265 0.087926 0.061474 0.004711 0.059993 0.177778 1.010370 5.285714 1.996190 4.314286 9.567672
 3.314815 0.002102 0.614921 0.019990 0.018673 0.004974 0.509422 0.484000 0.721037 0.059664 0.108064 0.042989 0.050198 0.990476 1.238519 0.422857 4.117143 4.793651 0.000000
 2.500000 0.002576 0.687831 0.016838 0.014265 0.006558 0.410667 0.465422 0.714392 0.062804 0.039472 0.054767 0.029996 0.831746 1.059259 1.656190 4.491429 5.832275 9.670000
 2.000000 0.002415 0.707090 0.020983 0.019472 0.005815 0.378400 0.478133 0.681164 0.109907 0.025884 0.081856 0.010407 0.469841 0.171111 4.122857 5.240000 0.119841 0.460476
 1.277778 0.002322 0.653439 0.016579 0.015688 0.005608 0.373511 0.525067 0.628000 0.080389 0.048532 0.056533 0.038567 0.444444 1.303704 5.673333 0.956508 1.038624 7.265291
 2.055556 0.001951 0.727725 0.021630 0.015237 0.004949 0.503556 0.409689 0.870561 0.046475 0.020707 0.093633 0.069787 0.476190 1.197778 0.070476 7.860000 3.275661 0.051164
 2.944444 0.002762 0.683704 0.023357 0.018257 0.005864 0.374489 0.436089 0.661228 0.025750 0.079592 0.044756 0.098559 1.155556 1.531852 0.000000 7.277778 5.992063 2.865185
 0.759259 0.002528 0.642434 0.020378 0.013745 0.006315 0.494756 0.503556 0.868899 0.052756 0.093181 0.048289 0.037342 0.158730 0.146667 3.136190 2.412063 2.436772 9.260688
 1.666667 0.002009 0.657566 0.018522 0.014578 0.006814 0.397956 0.458578 0.659566 0.093578 0.119065 0.001178 0.030608 0.577778 0.602963 1.021905 6.529206 2.556614 2.711693
 2.185185 0.002459 0.756614 0.022451 0.018465 0.005181 0.376444 0.450756 0.724360 0.032030 0.056944 0.098344 0.092438 0.165079 0.488889 3.312381 0.499048 4.673810 0.102328
 0.777778 0.002748 0.649312 0.019299 0.015550 0.004913 0.446844 0.471289 0.782508 0.081017 0.080239 0.044167 0.069175 0.228571 0.733333 0.246667 0.124762 7.550000 5.525714
 2.351852 0.002146 0.768995 0.022796 0.013432 0.005193 0.523111 0.447822 0.887175 0.056524 0.007118 0.037689 0.070399 0.946032 1.425926 6.307619 1.829841 0.279630 6.548995
 2.870370 0.002224 0.667196 0.021069 0.014751 0.005413 0.382311 0.473244 0.878868 0.096090 0.100946 0.007067 0.007958 0.215873 0.521481 1.198095 1.330794 5.632540 6.651323
 0.555556 0.002141 0.751111 0.018997 0.013259 0.004766 0.429244 0.440978 0.892159 0.072225 0.073768 0.047111 0.093050 0.482540 0.040741 4.968571 4.865714 2.676455 5.218730
 1.203704 0.002312 0.700212 0.024048 0.019645 0.005925 0.476178 0.378400 0.679503 0.055268 0.023942 0.077733 0.040403 0.501587 0.937037 5.884762 7.693651 2.516667 0.818624
 0.037037 0.002396 0.686455 0.021976 0.013710 0.004608 0.516267 0.451733 0.770878 0.037683 0.019413 0.080089 0.054483 0.114286 0.871852 3.277143 6.030159 6.591270 7.162963
 3.277778 0.002259 0.627302 0.018004 0.014682 0.005766 0.504533 0.413600 0.932032 0.054012 0.002588 0.085978 0.097947 1.193651 1.067407 4.580952 2.786349 6.151852 0.153492
 3.129630 0.002518 0.602540 0.020594 0.017945 0.004937 0.530933 0.487911 0.646275 0.034542 0.049826 0.014722 0.059380 0.679365 0.195556 5.039048 0.582222 4.993386 5.116402
 0.925926 0.002684 0.737354 0.019472 0.017979 0.005144 0.513333 0.497689 0.689471 0.042079 0.095769 0.043578 0.041015 0.774603 0.554074 5.109524 6.570794 7.310317 2.660529
 0.462963 0.002220 0.678201 0.023660 0.017910 0.005961 0.450756 0.495733 0.764233 0.070341 0.000000 0.013544 0.063053 1.117460 1.246667 0.105714 1.122857 1.757672 5.730370
 0.814815 0.001853 0.535132 0.023919 0.018292 0.004669 0.422400 0.476178 0.749280 0.082902 0.031060 0.091278 0.052647 0.863492 1.401481 6.025714 2.869524 1.078571 8.953704
 0.092593 0.002601 0.570899 0.022019 0.017597 0.004742 0.495733 0.505511 0.654582 0.030774 0.099652 0.031800 0.103457 0.552381 0.684444 2.924762 2.703175 1.677778 9.465344
 0.111111 0.002288 0.599788 0.020465 0.017806 0.005778 0.440978 0.545600 0.634646 0.054640 0.005177 0.111300 0.083867 0.590476 0.774074 6.131429 1.954603 0.719048 2.455873
 0.888889 0.002068 0.576402 0.022408 0.013988 0.006376 0.542667 0.420444 0.800783 0.059036 0.044002 0.074789 0.081419 0.038095 1.458519 6.519048 6.737143 4.114550 6.907143
 0.148148 0.001872 0.720847 0.018824 0.013328 0.004876 0.510400 0.518222 0.707746 0.014445 0.102887 0.039456 0.066114 1.085714 0.969630 0.176190 7.527302 2.476720 3.223333
 0.296296 0.002014 0.738730 0.019083 0.018778 0.006632 0.491822 0.439022 0.927048 0.017585 0.113888 0.012367 0.075909 1.161905 1.311852 3.559048 7.319365 4.953439 6.190847
 1.740741 0.001926 0.561270 0.024264 0.016730 0.005205 0.437067 0.494756 0.636307 0.111163 0.105476 0.051822 0.039791 0.888889 0.220000 3.629524 2.744762 3.075926 8.237407
 1.148148 0.002508 0.619048 0.023185 0.016452 0.005839 0.420444 0.514311 0.731005 0.001256 0.042061 0.034744 0.017753 0.101587 0.448148 5.567619 6.820317 4.913492 2.507037
 1.611111 0.002669 0.680952 0.023314 0.017771 0.006693 0.438044 0.441956 0.834011 0.020725 0.076357 0.089511 0.004285 0.126984 0.920741 1.797143 3.909206 7.470106 1.637249
 0.870370 0.002132 0.598413 0.019126 0.013398 0.006107 0.492800 0.554400 0.900466 0.114304 0.051120 0.017667 0.058156 0.361905 0.203704 6.589524 2.287302 2.157143 1.279101
 0.592593 0.002332 0.711217 0.024307 0.013502 0.005522 0.440000 0.506489 0.774201 0.085414 0.098358 0.079500 0.104681 0.723810 1.181481 2.043810 5.863810 2.756349 5.372222
 2.611111 0.001868 0.586032 0.019040 0.015966 0.005425 0.505511 0.405778 0.827365 0.118072 0.012942 0.047700 0.099784 0.323810 0.497037 4.334286 0.748571 6.671164 7.725767
 1.814815 0.002454 0.760741 0.023098 0.017285 0.006046 0.538756 0.388178 0.862254 0.016957 0.053708 0.038867 0.004897 0.793651 0.211852 6.272381 6.778730 4.234392 3.888466
 1.351852 0.002048 0.650688 0.019731 0.013155 0.006059 0.527022 0.539733 0.662889 0.007537 0.058238 0.086567 0.064278 0.653968 0.880000 1.585714 0.249524 0.359524 1.790741
 1.111111 0.002616 0.668571 0.018306 0.018430 0.005083 0.385244 0.454667 0.824042 0.041451 0.012295 0.075967 0.094274 1.047619 1.515556 0.281905 0.291111 3.235714 6.753651
 2.259259 0.002136 0.643810 0.022537 0.013849 0.005620 0.482044 0.390133 0.657905 0.008793 0.030413 0.012956 0.107130 0.355556 0.708889 6.624762 5.988571 3.675132 4.911746
 2.388889 0.002273 0.740106 0.021199 0.017459 0.004681 0.419467 0.524089 0.644614 0.040823 0.106123 0.073611 0.104069 0.292063 1.230370 3.030476 3.576508 7.190476 6.600159
 1.462963 0.001916 0.546138 0.021544 0.014335 0.005352 0.421422 0.480089 0.631323 0.023238 0.049179 0.073022 0.078970 1.015873 1.295556 4.369524 1.663492 6.551323 6.395503
 3.092593 0.002361 0.705714 0.020681 0.016591 0.005656 0.390133 0.491822 0.815735 0.039567 0.071180 0.106589 0.003061 0.374603 1.034815 3.770476 2.495238 0.199735 4.860582
 2.814815 0.002004 0.693333 0.024437 0.013224 0.006242 0.490844 0.452711 0.915418 0.030146 0.111947 0.004122 0.112639 0.063492 0.252593 4.193333 7.485714 6.751058 6.088519
 3.296296 0.002449 0.763492 0.023142 0.013120 0.004901 0.484978 0.408711 0.790815 0.050243 0.115829 0.003533 0.053871 0.069841 0.651852 4.933333 2.245714 1.717725 9.107196
 3.203704 0.002532 0.719471 0.021674 0.015654 0.005730 0.536800 0.456622 0.829026 0.003140 0.065356 0.090689 0.061829 1.123810 0.945185 2.783810 6.986667 3.515344 2.251217
 1.685185 0.002488 0.656190 0.022753 0.018083 0.004803 0.501600 0.383289 0.933693 0.064060 0.032354 0.020611 0.096111 0.838095 0.431852 2.149524 3.950794 5.752381 4.962910
 3.222222 0.002234 0.759365 0.018263 0.017632 0.004864 0.431200 0.492800 0.817397 0.022610 0.008412 0.097167 0.046525 0.634921 0.627407 1.233333 5.364762 5.113228 7.674603
 0.981481 0.002347 0.704339 0.023271 0.015133 0.005071 0.371556 0.486933 0.742635 0.062176 0.023295 0.061244 0.023875 0.711111 0.374815 1.057143 2.911111 5.233069 5.986190
 0.166667 0.002743 0.676825 0.018479 0.018639 0.006754 0.416533 0.407733 0.804106 0.064688 0.074415 0.037100 0.019589 0.285714 0.407407 4.721905 1.372381 2.356878 2.558201
 3.388889 0.002352 0.665820 0.022235 0.015619 0.006680 0.455644 0.488889 0.860593 0.118700 0.120359 0.092456 0.044688 0.615873 0.529630 4.792381 3.659683 7.070635 7.418783
 1.944444 0.002386 0.613545 0.018608 0.013571 0.005827 0.432178 0.438044 0.873884 0.081646 0.108711 0.083622 0.036118 0.025397 0.953333 4.263810 1.164444 5.912169 1.688413
 3.500000 0.002444 0.559894 0.016622 0.019298 0.006583 0.548533 0.516267 0.872222 0.000628 0.060179 0.057122 0.039179 0.507937 0.179259 2.607619 3.701270 2.596561 7.879259
 0.407407 0.001960 0.691958 0.021846 0.015098 0.005132 0.424356 0.538756 0.913757 0.011933 0.018119 0.062422 0.071012 0.628571 0.863704 2.995238 4.699365 1.597884 7.828095
 1.259259 0.002699 0.537884 0.016795 0.016348 0.005230 0.412622 0.530933 0.697778 0.074109 0.016177 0.020022 0.047137 0.146032 0.676296 1.620952 5.946984 5.153175 3.837302
 0.611111 0.002586 0.625926 0.023487 0.019090 0.006741 0.489867 0.406756 0.745958 0.089810 0.091887 0.100111 0.113251 0.438095 0.928889 3.065714 4.574603 2.237037 0.358148
 2.648148 0.002435 0.635556 0.019601 0.013675 0.005693 0.369600 0.427289 0.744296 0.109279 0.037531 0.026500 0.105905 0.031746 0.309630 4.686667 1.039683 6.471429 1.841905
 2.462963 0.002092 0.601164 0.019213 0.013779 0.006083 0.457600 0.512356 0.907111 0.063432 0.015530 0.038278 0.113863 1.136508 0.798519 4.087619 7.194603 1.837566 3.939630
 2.796296 0.001907 0.543386 0.017702 0.017493 0.006412 0.544622 0.430222 0.642952 0.052128 0.092534 0.096578 0.101620 0.050794 0.000000 3.981905 6.113333 1.118519 8.800212
 1.185185 0.002244 0.741481 0.024221 0.014821 0.006534 0.403822 0.421422 0.762571 0.077877 0.022001 0.094811 0.031833 1.130159 0.790370 6.413333 4.740952 4.713757 8.749048
 2.592593 0.002640 0.597037 0.020249 0.018500 0.005474 0.372533 0.385244 0.722698 0.071597 0.045943 0.078322 0.093662 0.279365 1.140741 4.757143 5.780635 6.271693 3.325661
 0.222222 0.002053 0.698836 0.020033 0.015480 0.006790 0.413600 0.477156 0.942000 0.092322 0.053061 0.005300 0.115700 1.079365 0.749630 1.726667 0.665397 3.794974 4.451270
 2.722222 0.002264 0.766243 0.016752 0.017736 0.004754 0.539733 0.377422 0.667873 0.045847 0.063415 0.107767 0.018365 0.825397 0.138519 5.003810 1.871429 3.954762 2.097725
 2.407407 0.002156 0.654815 0.021458 0.016070 0.005120 0.552444 0.546578 0.686148 0.004396 0.066003 0.053000 0.036730 0.253968 0.081481 0.810476 5.156825 2.197090 3.018677
 2.018519 0.002464 0.669947 0.022667 0.015203 0.006290 0.425333 0.371556 0.937016 0.057780 0.010353 0.103644 0.033669 0.260317 1.409630 4.440000 6.903492 5.472751 7.214127
 0.481481 0.002117 0.764868 0.019170 0.016626 0.006888 0.473244 0.398933 0.852286 0.078505 0.029766 0.015311 0.042852 0.393651 0.423704 0.387619 2.453651 5.073280 9.363016
 2.925926 0.002376 0.660317 0.018436 0.019576 0.005571 0.428267 0.419467 0.882190 0.091066 0.073121 0.063600 0.112027 0.463492 0.097778 5.849524 3.035873 3.555291 7.111799
 0.074074 0.002205 0.630053 0.016406 0.015897 0.006424 0.534844 0.550489 0.664550 0.099859 0.059532 0.067722 0.115088 0.171429 0.847407 2.431429 5.489524 0.838889 8.902540
 0.018519 0.002088 0.679577 0.022321 0.016556 0.005790 0.498667 0.493778 0.677841 0.102371 0.089946 0.081267 0.086316 1.028571 0.260741 0.211429 6.071746 7.430159 6.242011
 1.574074 0.002591 0.566772 0.020637 0.018326 0.006656 0.447822 0.509422 0.711069 0.032658 0.069239 0.008833 0.082031 0.565079 0.741481 6.166667 6.362857 3.994709 9.004868
 3.166667 0.002161 0.775873 0.021371 0.015446 0.005937 0.471289 0.547556 0.917079 0.058408 0.041414 0.053589 0.090601 0.533333 0.187407 1.550476 1.788254 2.996032 7.521111
 0.833333 0.002733 0.564021 0.019429 0.016001 0.005681 0.449778 0.395022 0.666212 0.111792 0.031707 0.015900 0.023262 0.488889 1.148889 2.960000 0.540635 0.319577 9.516508
 0.500000 0.002371 0.696085 0.023012 0.018222 0.006363 0.554400 0.522133 0.637968 0.091694 0.056297 0.049467 0.032445 0.457143 0.831111 0.916190 4.366667 0.239683 5.269894
 1.444444 0.002410 0.533757 0.020292 0.017875 0.006034 0.393067 0.374489 0.716053 0.061548 0.106770 0.011189 0.000612 0.584127 0.814815 4.052381 5.032063 5.952116 1.432593
 1.833333 0.001858 0.555767 0.016881 0.018396 0.006485 0.448800 0.490844 0.838995 0.015701 0.067297 0.076556 0.028160 0.692063 0.277037 0.740000 5.115238 1.198413 2.046561
 2.092593 0.001848 0.620423 0.020724 0.014890 0.006010 0.529956 0.386222 0.706085 0.010049 0.082180 0.083033 0.026323 0.431746 1.417778 2.290476 0.873333 7.150529 2.404709
 2.740741 0.002337 0.742857 0.021890 0.017007 0.005534 0.533867 0.475200 0.732667 0.089182 0.113241 0.097756 0.108966 0.044444 0.350370 3.664762 7.818413 6.191799 4.093122
 2.333333 0.002420 0.592910 0.016493 0.014022 0.006729 0.520178 0.376444 0.890497 0.079761 0.082828 0.065367 0.096723 0.412698 0.985926 5.743810 0.041587 1.158466 4.144286
 0.703704 0.002689 0.690582 0.017227 0.016764 0.006619 0.540711 0.481067 0.775862 0.116816 0.078945 0.041811 0.109578 0.400000 0.122222 0.317143 6.321270 5.193122 4.502434
 0.240741 0.002547 0.590159 0.021026 0.018118 0.005010 0.414578 0.422400 0.777524 0.033286 0.006471 0.094222 0.009795 0.419048 0.154815 5.638095 0.374286 5.792328 8.186243
 1.092593 0.002713 0.730476 0.017961 0.015272 0.005218 0.549511 0.380356 0.717714 0.067829 0.083475 0.050056 0.051422 0.184127 0.586667 0.669524 4.283492 4.154497 0.613968
 3.111111 0.002381 0.580529 0.020119 0.013537 0.004791 0.474222 0.431200 0.809090 0.047731 0.066650 0.042400 0.034281 1.073016 1.507407 1.162857 6.154921 2.636508 7.367619
 3.407407 0.002171 0.702963 0.023962 0.018535 0.005949 0.480089 0.400889 0.671196 0.076621 0.029119 0.052411 0.086928 0.298413 1.100000 0.880952 7.402540 4.514021 5.474550
 2.148148 0.001931 0.672698 0.023617 0.016383 0.006388 0.406756 0.389156 0.719376 0.086670 0.099005 0.101289 0.077746 1.180952 1.491111 2.255238 3.784444 3.435450 6.293175
